LayerType: Convolution
num kernels: 3
input shape: (1, 8, 8)
output shape: (3, 7, 7)
kernel shape: (1, 2, 2)
stride: 1
Activation Function: Relu
kernels:
[[[[-0.0388357  -0.21314507]
   [-1.18312021  0.91257296]]]


 [[[-0.97827657 -0.70016696]
   [-0.07532382 -1.17601392]]]


 [[[-0.40914992  1.6730286 ]
   [-0.2683143   0.78198409]]]]
Biases:
[[-0.27239005]
 [ 0.        ]
 [ 0.        ]]
LayerType: MaxPool
shape: (2, 2)
input shape: (3, 7, 7)
output shape: (3, 6, 6)
stride: 1
LayerType: Flatten
input shape: (3, 6, 6)
output shape: (108,)
size: 108
LayerType: Dense
size: 5
input size: 108
Activation Function: Tanh
Weights:
[[-1.83408141  0.406476   -0.77077889 -0.29352216  0.05638573 -1.78298161
  -0.9228002  -0.65612525 -1.39173692 -0.5832552   1.22124785 -1.74169244
  -0.98875749 -2.00178266  0.9507031  -0.79105032  0.1917628   0.45958215
  -1.29836493 -0.80504165 -0.78509311 -0.64376516  0.37752984 -0.98664236
  -0.85750244 -0.53058823  0.58055032 -0.44139835  0.86428534 -0.06015608
   0.00637544  0.01985298  1.10364703  1.5106395  -2.03934153 -1.18070532
  -2.28865151 -0.48089018 -0.29762532  0.22771208  0.91274916  0.13597139
   1.01154822  0.41466065  0.95191107  2.15974808 -0.55920799 -0.87295005
   0.23476028 -1.46090361 -0.31279932 -0.42315203  0.72161657  0.85138903
  -1.94317537 -1.38713268 -1.06615066  1.18228217  0.01734892  0.66432242
  -1.25201516 -0.6463067   0.52243409  1.37113013 -0.55315087  0.31884166
  -1.68346223  0.677112    0.76249925 -0.22918698  0.9626424  -0.18619292
  -1.22821808  1.45093902  1.48462692 -0.1418577   1.73807153 -0.29769176
   0.87374332  1.26725024 -1.41131083  0.09200735  1.16243057  2.16328726
  -0.29535249 -1.38827357 -2.33083008 -0.34469688  0.37157463 -1.36613965
   1.32879896  1.48330892 -0.79646803 -1.19059814  0.6259645  -0.2134901
  -1.01840455  0.37021103 -1.26968373  1.27731418 -0.52509085  1.0483047
  -1.15154491  0.97599749  0.95394323  1.04086628  0.44874196  0.51231534]
 [-0.37351284 -2.28805445  1.2172009  -0.70706066 -1.50048877 -0.09415156
  -1.09645119 -2.20344665 -0.12584584  1.52203157 -0.73345436  0.21230376
   2.41457924 -1.67346058  0.20597202  2.9582039   1.62286134 -1.01847111
  -0.88544806 -1.42570505  2.31171496 -1.16499672 -0.10552732  0.26863783
   0.86329494 -0.48502162 -0.50239121  1.01642372  1.02712245  0.89302758
   0.98183577  0.07215926  0.60034163  2.14238605  1.06157967  0.50391905
  -1.19018411 -1.41092759 -0.32945758 -0.81818934 -0.44446848  0.24465816
  -0.10717545 -0.41331175  0.22599318  0.2663393   0.25129579  0.90620875
   0.76686548  1.21050751  2.83631106  2.39523086  1.05878096  0.43394014
   0.76176539  0.68759844 -0.15327343  0.40925307  0.02057301 -0.42724488
  -0.94230167 -2.57805758 -0.60269923  0.29158715  1.73314765 -1.16587797
  -0.91390555 -0.05942423 -0.83100116 -0.61880372 -0.76201117 -0.91357649
   0.49196666 -1.78876763  0.54098402 -0.33270907 -0.94290617 -1.35219282
   0.09725159  0.27345526  0.03349772  0.62687507  2.09620247 -0.42031613
  -0.65310349  0.17609102 -1.32205117 -0.38177379  1.9666886   2.29354965
  -1.34082208 -0.21588306  1.1180357  -0.29522747 -0.35003624 -1.38419877
  -0.45650567  0.92168903  1.19187043 -0.57845104  1.5364531  -1.91396203
  -0.54983755  2.08979332 -0.47629111 -0.02570876  0.3556293  -0.35430681]
 [-0.70642602  1.54530246  1.00697449 -2.9501931   0.61981792 -0.16968301
  -1.58670655 -0.74856421 -1.22421921  0.47776846  0.76400355  0.55291903
  -0.75499018  0.41485034 -0.37372969 -0.94717742 -0.65620789 -0.71220869
   0.17474971  0.41679622  0.09622471 -0.69512007  0.74813826  1.9568023
   0.04495593 -0.22270253  0.53489348  1.29763021 -0.52462782 -0.51131377
   1.65540363  0.60441205 -0.94256605  2.2998265  -0.83221958  0.4718471
  -0.95136718 -0.04067857 -0.16819757  0.39909229 -0.16431173 -1.31320398
  -0.20000659 -0.00657517 -1.57083466 -0.40201408  0.21140416  0.20475241
   1.11510356 -1.05955236 -0.61595848  1.27212897  0.33690281  0.30432046
   0.02786833  0.03950467 -0.73992168  0.23368494 -0.11831544  1.57001723
  -1.45544144  0.45513695 -0.65050781  0.14401486  0.86951095 -0.33179809
  -0.51005503 -0.34196213  0.41141223  0.67568727  0.42865594  0.71406238
  -0.96774729  0.65216925 -0.45808684  0.10839313 -2.19914995 -0.02173693
  -1.92268451  2.25028234  0.10875161 -1.00393871  0.1074271  -1.31527941
  -2.09702329  2.03860868  0.90655357 -2.30291355 -1.91144276 -0.2865983
   1.63821414  0.8305785   0.58012517 -1.05405802  0.47497736 -0.60249712
  -0.58220083 -0.78846407  1.8369336   0.52294837 -1.55235411 -1.38528059
   0.17587376  0.34199545  0.58946231 -0.07130216  1.39833994 -1.45764916]
 [-0.43631396 -0.05575886 -0.33486867 -0.76527774  0.51782071  1.27078879
   1.60702298  0.49931654 -1.22448852 -0.40826723 -1.58995218  0.62637175
   0.01753432 -0.20732732  0.71814911 -1.62367222 -0.36753333  0.55876246
   0.02113528 -0.58345148  0.27817137  0.91083279 -0.67056359  1.12858601
   0.35488302 -1.34733768 -1.29350104 -2.24099972 -0.64750909  0.26613527
   0.23873709  0.53521575 -0.03622639  1.80485494 -0.47066147  0.31852629
   0.30653352  1.03933481  0.03175952  0.03968995 -0.10704449  0.39426818
   0.25700919  0.46568612 -0.4238184  -0.38663159  2.34867241  0.01834791
   0.48683056 -0.43827652 -0.07263886  0.72383217  1.82301029 -0.86434258
  -2.93090203 -1.93610468 -1.43915944  0.27733005 -0.57042961 -0.20887094
   0.02031151 -0.91685594  0.56602806 -0.11987831 -0.29328553 -0.15022891
   2.83409984  1.24933722  1.16135908 -0.08589118  1.19883397  0.79529131
  -1.67278742 -0.68851132 -1.57478299 -0.04544952  0.00869241  1.75537993
  -2.27493296  0.39043619  0.15827032  0.96540203  1.16430476  0.135907
   1.10064663 -0.33354919  0.51760557 -2.02180838  1.72357235  0.94956822
   1.33765938  0.57727268 -0.26363489 -1.06267616 -0.07927245 -0.69112924
  -1.08658365  0.01158461  0.45100368  0.10599326  0.62147706  0.03091052
  -0.93846462 -0.87081553 -0.13172515  1.2736787   1.0052083  -0.28162967]
 [ 0.13317002  0.93916265  0.04985798  1.16282339 -0.28867075 -0.90571479
  -0.02471473  0.19493878  0.38656625 -0.45084245  0.3092626   0.79861433
  -0.09136511  1.93555758  0.92437104 -1.39009367 -0.76718837 -0.36160102
  -0.35564942  0.52807614 -0.06652733 -1.85715251  1.94397126 -0.07073153
   0.62457623  0.6621873   1.37102195  0.83339664  0.28205159  2.25226608
  -0.55786825  0.09092319  0.23417641  1.23495352 -1.71371798 -0.88536072
   0.48392575 -0.9272924  -0.55499717 -0.40502311  0.56785802  0.39099354
  -0.70590114 -1.47873356  0.21243473  1.53905227  0.60519116 -1.5015711
   1.06620935 -0.35957587  1.29661748 -1.02614617 -0.15240764 -1.78592527
   0.15407103  0.06684007  1.04115357  0.52983556 -0.21845802 -1.60316896
  -0.51517575 -1.62907477  0.0350985  -0.64236853 -1.46364377 -0.21842088
  -0.17317008 -0.20920915  0.49494582  0.82942089  1.11153352 -1.09540764
  -0.89957058  0.46700293 -0.40849981 -0.06859058 -0.71146925 -0.54589312
   1.23301507 -0.15052124 -0.77380439  0.14848056  0.749851   -0.11058264
   0.01756258  1.7735017  -0.71335938 -0.54169886 -0.44966715  0.84797433
   0.50043664  0.09190328 -0.73863146  0.84710939 -1.16220607 -2.07188259
   0.89287437  1.0100902  -2.9667423   0.57367621  0.20944827  1.63504099
  -0.26389159 -0.35693608 -1.15878666  0.10835899 -0.01941339 -1.05201321]]
Biases:
[[-0.01219756]
 [-0.01665596]
 [ 0.06675362]
 [ 0.18646389]
 [-0.12705824]]
LayerType: Dense
size: 5
input size: 5
Activation Function: Tanh
Weights:
[[-0.64713856 -0.31130204  3.0719135  -1.13028108  0.47799241]
 [-0.46221673 -0.43524927  0.28776468 -0.13830101 -2.09969368]
 [-0.61904801 -1.18952161  0.82471938  1.67853056 -0.75841815]
 [-0.46679808 -1.17478453 -0.44537923 -0.35366845 -1.29401234]
 [ 1.26506922  2.67899416  0.3551336  -0.72158592 -0.23702503]]
Biases:
[[ 0.05127115]
 [ 1.10467839]
 [-0.64802619]
 [ 0.87314683]
 [-0.28311341]]
LayerType: Dense
size: 3
input size: 5
Activation Function: Softmax
Weights:
[[ 0.16339299 -5.99091909 -1.97613395 -4.44444081  1.8929478 ]
 [ 1.12537849  1.52833732  4.19137349  0.28249423 -2.37325675]
 [ 0.90476813 -0.58819818 -2.88569828  1.6585411   1.04738947]]
Biases:
[[-0.42978291]
 [-0.21074208]
 [ 0.49619511]]
