LayerType: Dense
size: 64
input size: None
Activation Function: None
Weights:
None
Biases:
None
LayerType: Dense
size: 30
input size: 64
Activation Function: Tanh
Weights:
[[-2.80650597e-01  4.85679519e-01  1.71436099e+00  1.56324275e+00
  -1.79551838e+00  5.47988306e-01  8.93406585e-02  3.90664873e-01
  -2.09413101e+00  1.14430354e+00  1.08365155e+00  2.00470113e+00
  -2.64102761e-01  8.98210297e-01 -8.48968624e-02  2.60883207e-01
  -1.23198492e+00  1.07220348e+00  9.85817116e-03  5.18876271e-01
   2.87308608e-01 -5.30163476e-01 -8.76933252e-01 -1.08389962e+00
  -1.14523290e+00  3.12787628e-01  2.86468776e+00 -9.40277451e-01
   3.63034559e-01  2.97166424e-01  2.99502890e-01  8.00236948e-01
   6.08361557e-01 -9.04867018e-01  1.88019724e+00 -7.77207845e-01
   1.79781537e-01 -6.26738200e-01 -6.32478205e-01  2.15985728e-01
  -6.57507748e-01  1.67742413e-01 -1.16635466e+00  4.98406377e-01
  -2.53403248e+00 -5.12829808e-01 -1.67665648e+00  7.84751819e-01
   1.54380446e+00 -1.18082615e-01 -1.09527745e+00  5.17291846e-01
  -9.36401039e-01  1.10910034e-02  6.02829738e-01  6.52440882e-01
   5.90403496e-01 -1.09767779e+00  8.77160883e-01  1.51266273e-01
   5.70703060e-01  3.07544479e-01  7.18424871e-01  5.97649288e-02]
 [-1.07314328e+00  1.55406840e+00 -4.57172678e-01 -1.12307552e+00
   6.98537605e-01 -4.25394639e-01 -1.40244854e-01 -1.06472559e+00
   3.60507365e-01 -1.61642521e+00  1.56119120e+00 -4.08837677e-01
  -9.87560629e-01 -2.18988710e+00  5.51256108e-01 -2.26489278e+00
   4.51494791e-02  2.84489163e-01 -5.00234997e-01  5.39981949e-01
   3.27108473e-01 -1.18999328e+00 -1.76333930e+00 -5.30161910e-01
   3.31930671e-01 -1.47178834e+00  3.94261114e-01  1.05126527e+00
   3.57354564e-01 -1.16946068e+00 -3.04508991e+00 -7.50137174e-01
  -3.68172113e-04  3.77563542e-01 -1.11526076e+00  4.68101291e-02
   2.41477213e+00 -1.79620720e+00  1.03601758e-01 -4.46039809e-01
  -5.74538228e-01 -2.13111826e+00  2.35459397e-01  2.08109682e-01
  -1.39274917e+00  4.64292619e-01  4.72572398e-01  1.08290084e-01
   2.88802392e-01 -8.26244998e-01 -8.89782783e-01 -6.06727395e-01
  -8.56433930e-01  1.41807385e+00 -8.60906488e-01 -5.74850731e-01
  -6.23209334e-01  8.48869730e-01  8.19173420e-01 -9.96628084e-02
   4.49409457e-02  1.59669910e+00  2.21539048e-01 -3.50400162e-01]
 [ 1.54382019e+00  1.34692912e+00 -6.94305380e-01  1.25670978e+00
   5.01988781e-01  1.16820490e+00  1.68894510e+00 -2.96426985e-01
   4.27842036e-01 -3.54498482e-01  8.07626102e-01  7.87798459e-01
  -3.92818905e-01 -1.54406035e+00  7.19042694e-01 -1.37312096e+00
   1.23054085e+00 -8.31146397e-01 -2.21196592e-01 -1.12911341e+00
  -4.69670758e-01 -2.22548935e+00 -1.46939603e+00 -1.66727135e-02
   1.35482060e+00  1.27093906e+00 -1.79052023e+00 -1.12917308e+00
   6.25458831e-01 -3.00501914e-02 -1.32023022e+00 -1.16116844e+00
   7.32323625e-01  7.74006021e-01  1.24565101e+00 -1.28691934e+00
   2.05343073e+00  1.55537942e+00  9.87644516e-01 -6.03764128e-02
   6.34333050e-01 -1.09102384e+00 -1.05711283e+00 -1.45075401e+00
  -1.18294056e-01 -9.48294989e-01 -1.57604403e+00  1.19864692e+00
   2.19135386e-01 -8.69630993e-02 -1.19449653e+00  1.26439252e+00
  -7.61637364e-02 -1.04952384e+00 -2.27499246e-01 -6.94221150e-01
   6.21816417e-01 -1.23175456e+00 -1.22263138e-02 -1.11532199e+00
   1.43001172e+00 -1.17300027e+00  1.76132259e-01 -6.48578428e-01]
 [ 1.15064198e-01 -4.06879794e-01 -2.45318933e+00 -1.29065532e-01
  -3.19524665e-01 -4.23314747e-01 -5.89388664e-01 -7.84604174e-01
  -1.03492389e-01 -1.15560579e+00  1.56702333e+00 -5.09537281e-01
  -2.17607354e-02  8.83184851e-01 -1.48184918e+00  1.26582736e+00
   5.35690694e-01 -1.30691847e+00 -6.77151591e-02  5.03641121e-01
  -8.38193024e-02 -1.97981555e+00 -6.79683454e-01  9.87319894e-01
   2.38829412e+00  6.01955729e-01 -1.70673780e+00  6.70793516e-01
  -2.03942409e+00  1.99195694e+00  1.73666290e+00 -9.42185181e-01
  -7.70703752e-01  1.95490099e+00  2.91939572e-01 -7.18024468e-01
   8.82231861e-01  1.27839498e+00  1.61066192e+00 -4.45448299e-01
   9.72250169e-01 -4.51848502e-01  1.15191153e-01  1.47613041e+00
   1.87896841e-01  1.25711464e-01 -2.85782762e-01 -6.47896396e-02
  -3.52796597e-01 -1.18518748e+00 -2.87486023e-02  2.31877155e-01
   6.35925560e-01 -2.07624093e+00 -1.40419309e+00  3.10850025e-01
   1.91334363e+00 -2.85870683e+00 -1.14583851e+00 -1.53604322e-01
  -3.42265849e-01  9.43205637e-01  3.75206911e-01  6.38706865e-01]
 [ 9.05167809e-01 -1.02547121e-01  6.90248262e-01 -7.96690434e-01
   3.06277194e-01 -1.48870155e+00 -2.48114593e-01 -1.55814680e+00
   8.33387791e-01  3.68670997e-01 -1.16288292e+00  9.95572508e-02
  -7.14357635e-01  5.98471992e-01 -1.70135974e+00  1.12074261e+00
  -1.11232388e+00 -2.04128675e+00 -1.05547568e+00  1.88881084e-01
  -3.68458200e-01  1.58264152e-01  7.61128636e-01 -1.30757015e+00
   4.84656847e-01 -1.22645214e+00  4.61083190e-01  2.73102705e+00
  -2.41613110e+00  3.07797305e-01 -4.83402939e-01 -1.98629716e+00
  -1.10792422e+00  8.49162500e-01  1.68478103e+00  1.92255354e+00
  -1.73395647e+00  6.19873339e-01 -3.90442002e-01  4.99238964e-01
  -5.17518947e-01  1.42896555e-01  4.36978893e-01  2.04629073e+00
   1.10737164e+00 -1.96659973e-01 -5.54168885e-01  8.60064330e-01
  -6.76529481e-01 -1.14195586e+00 -3.62838341e-02  3.16906668e-01
  -7.85105134e-01 -1.50853056e+00 -3.28616415e-01 -1.54285316e+00
   1.31910511e+00 -5.93400390e-01 -5.33378763e-01 -7.70069017e-01
  -8.16717440e-01 -3.65009525e-01  5.96364404e-01 -1.80115807e+00]
 [-6.38329791e-01 -2.16854730e-01 -5.88822961e-01 -1.14419165e+00
   3.07566425e+00  5.72504175e-01  5.15048500e-01 -1.28641308e+00
   9.81598239e-01  6.17770781e-01 -1.37468170e-01 -6.89548039e-01
   1.09857410e+00 -1.36046101e+00 -6.53593966e-02  1.93904343e-01
  -9.45368213e-01  2.79174032e-01  5.73150083e-01 -2.95078454e-01
  -4.87307809e-01 -3.65389118e-01 -9.53875605e-01 -5.88770206e-01
   1.32695159e+00 -1.58745698e+00 -1.16827632e-01  3.82480354e-01
  -6.53821003e-01  3.07966209e-01  1.03084175e+00 -5.42605837e-01
   1.58072330e+00 -1.01447522e+00 -1.15978514e+00 -7.90974636e-01
   8.70708159e-02  1.65583573e+00  4.01215605e-01 -9.44495273e-01
   1.80366307e-02  5.07442095e-01 -3.22825037e+00 -9.15185270e-01
   8.86328138e-01  1.64133547e+00 -8.98928307e-01 -6.09723118e-01
  -1.26987418e+00 -5.93993999e-01 -1.31935421e+00  1.41897275e+00
   6.29094719e-01  1.50446269e+00 -8.45491921e-01 -1.22200634e+00
  -1.97498413e-01  8.29947166e-01 -2.07201871e-01  2.18696929e-01
  -1.08527191e+00  1.23009151e+00 -5.98963280e-01  5.81272895e-01]
 [ 1.01212613e+00 -1.33458346e-01  2.34296952e-01 -1.62731908e-01
   1.58475346e+00  4.98199080e-02  7.51932984e-01  1.17648882e+00
  -3.41931232e-01 -4.91514673e-01  2.11814328e+00  8.45164098e-02
  -6.57707049e-01 -9.56845719e-01  1.58503919e-01  9.46756304e-01
  -9.62845138e-02 -6.76521532e-01  1.36672699e+00 -1.05217002e+00
  -1.23630324e-01  1.81182056e+00 -3.04001079e-01 -8.06786211e-02
   9.13040458e-01  9.19010336e-01  1.12546356e+00  6.72971699e-01
  -7.44735205e-01  8.51678484e-01  5.42238866e-01  1.52449833e+00
   8.30517874e-03 -1.40657742e-02 -1.35020025e-02 -6.90058864e-02
   3.96743459e-02 -1.22712762e-02  1.21896431e+00  3.54379436e-01
  -8.31209456e-01  6.47481512e-01 -1.25516452e+00  7.28875032e-01
   4.74475894e-02 -8.25829771e-01 -5.84717778e-01  3.78131712e-02
  -2.15401222e-01  6.05950695e-01 -3.54559888e-01 -1.46273011e+00
   3.77819549e-01 -1.76154449e+00  2.26452047e-01  3.08368999e-01
   5.67926206e-01  5.04064281e-01 -1.56900414e-01 -2.45740286e-01
   3.72205643e-01  1.24128229e-02 -1.96671409e+00 -1.25862444e+00]
 [-2.28839013e-01 -8.06727176e-01 -4.35144154e-02 -1.15381757e+00
   1.30726166e+00 -9.54720482e-01 -5.13479716e-02 -5.49337928e-01
   3.16577556e-02 -9.06501905e-02 -5.72725168e-02  9.46598872e-01
  -1.13277046e+00  5.87807581e-02 -3.38525440e-01  1.70022871e+00
  -6.45287740e-01 -3.50586004e-01  7.43338755e-01  1.16614799e+00
  -7.81326900e-01 -8.11507843e-01 -7.22095798e-01  1.27508378e+00
  -1.17565228e+00  6.74155953e-01  1.19581937e+00 -4.54901468e-01
  -1.14691154e+00  4.16861482e-02  7.02762158e-01 -6.76134206e-01
  -9.20402104e-02  1.11259599e+00  1.45920204e+00  5.08789830e-02
  -1.21097548e+00  3.36675084e-01  1.02828186e+00  3.21240625e+00
   1.67736907e+00 -1.39133289e-02 -1.36381922e+00 -6.15234492e-01
  -1.14992211e+00  4.75657637e-01 -6.46884253e-01  1.00711354e+00
   1.68997757e+00  1.54479023e+00  1.75595333e-02 -8.03322862e-01
  -3.34713296e-01 -5.31623124e-01  3.23233984e-01  2.71912512e-01
   7.32457913e-01 -1.66769675e+00  7.43265318e-01  1.16222786e+00
   1.15558574e+00  1.20307650e+00  7.27902781e-01  1.68404108e+00]
 [ 4.16473206e-01 -1.43033227e-01 -3.08640734e-01  1.17027273e+00
  -2.11402026e+00 -6.94965351e-01 -6.26618185e-01  1.51825001e-01
  -8.80756973e-01 -2.21653486e-01 -3.05849375e+00  2.07333386e-01
   1.53473596e+00 -4.81155314e-01  3.26233320e-02 -1.29638912e+00
   1.41560495e+00 -1.22647252e+00 -7.30387458e-01  5.90041146e-01
  -8.14827890e-01 -1.70496878e+00  2.78173065e-01 -1.39824922e+00
  -9.15421199e-01  6.68666605e-01 -6.87782182e-02  1.88132804e-01
   5.07034595e-01 -1.33565230e-01 -1.74085251e+00  2.30790159e-01
  -8.39920566e-02 -1.33355222e+00 -5.77019617e-01  1.95113425e-01
  -6.30165348e-01 -7.84995457e-01 -1.46993862e-01 -4.42689355e-01
   1.06954146e+00  1.00478131e+00  1.35759099e+00 -3.51956288e-01
  -1.92571321e+00  5.77948928e-01  1.85072270e+00  1.01972322e+00
  -8.17029052e-01  1.35460742e+00 -3.03654926e-01  3.67846130e-01
  -3.36207170e-01 -2.96170896e-01  7.06051281e-01  6.68770112e-01
   1.28214141e+00  1.19001204e+00 -1.88549777e-03 -1.26170512e+00
  -5.23851820e-01  8.26547393e-01  1.27421012e-01  8.75507203e-01]
 [ 3.14349603e-01 -1.22277666e-02 -1.25986890e+00  4.41894332e-01
  -1.27700554e-01 -1.87416622e-01 -6.15548046e-01 -2.33616370e+00
   5.01002562e-01 -2.00753862e-01 -1.31715184e+00  5.74531701e-02
   1.15010602e+00  2.38887548e-01 -1.11049655e+00 -7.25834008e-01
  -9.57932012e-01  1.83219487e+00  1.20036343e+00  1.74590693e+00
  -1.63752094e+00 -6.02020606e-01  5.40995193e-01  3.43936208e-01
  -1.53386546e+00 -3.53659584e-01  1.83648420e+00 -9.94049678e-01
  -1.52607876e+00 -2.44998583e-01  6.28358801e-01  6.61955601e-01
   6.82052387e-01  1.01803366e+00 -1.96857771e+00 -1.15327650e+00
   6.87163586e-01 -8.23096631e-01 -1.90161077e-01  7.03826996e-01
  -3.87246145e-01  1.54899305e-01 -1.95758429e-01  3.29492920e+00
   5.89700250e-01 -3.93048363e-01 -1.44027178e+00  6.67116157e-02
  -8.70465902e-01  9.42375443e-02  1.05726056e-01 -3.48500963e-01
   1.66287480e+00  8.98503831e-01  1.12424899e-01  6.79366404e-01
  -1.13100231e+00 -3.10508899e-01  1.45732194e-01  8.62073308e-01
   1.70118997e-01  3.73205981e-01 -6.41254468e-01  1.57967331e-01]
 [-7.19621340e-01 -1.12649180e+00  1.70152034e+00 -2.44821691e-01
  -3.03497559e-01  1.12464808e-01  9.28790125e-01 -5.10174919e-01
   9.83642064e-01 -6.57447433e-01 -6.67077036e-01  2.34561586e-01
   2.87938139e-01 -2.09605151e+00 -1.25221475e-01  3.90816269e-01
  -8.00473238e-01  1.42993624e-01 -1.97182327e-01 -3.62165928e-01
  -2.82411945e-01  1.43699191e+00 -4.64496491e-01 -5.94275516e-01
   1.35672639e+00  1.08099646e+00  1.02178402e+00 -9.23343290e-01
   6.10517417e-01  1.58769867e-01  9.64654474e-01  1.38295907e-01
   1.15037956e+00 -5.18291740e-01  1.24709291e-01 -1.11613759e+00
   5.24752977e-01  1.10332525e+00  1.90388006e+00  1.58377551e+00
   1.06562810e+00  1.28376366e+00 -2.41088279e+00 -4.04482414e-02
  -8.02879566e-01 -7.95942066e-02 -8.45876074e-01 -2.11024290e-01
   1.20083894e+00  5.10069070e-01 -1.05200115e+00 -8.05980498e-01
   3.70194584e-01  5.77592438e-01 -1.65024198e+00  9.60554055e-01
  -5.40966295e-02 -2.18840269e+00  5.04822209e-01  3.87221234e-01
  -1.52550701e+00 -1.15809661e+00  8.77812279e-01 -3.57793358e-01]
 [ 1.05511773e+00 -1.20556246e+00  1.21965641e+00 -1.32528914e+00
  -7.12770897e-01 -4.18145025e-01  5.39333786e-01 -2.54709993e+00
  -3.10383849e-01 -9.00992369e-01  1.90665275e+00 -9.98823974e-01
  -1.32317516e-01  3.08313684e-01  1.98402549e+00 -7.60911158e-01
  -1.22368106e+00  1.54775344e+00 -1.29144496e+00 -1.76638320e+00
   2.15234798e+00  6.50611287e-01  3.93395210e-01 -1.35020474e+00
  -1.48733922e+00  8.71176893e-02  9.18449531e-01  1.08008205e+00
  -3.80125561e-01 -2.84375675e-01 -1.38354755e+00  7.24445388e-01
  -4.54915618e-01 -1.63867619e+00 -1.55395419e+00 -1.40979600e+00
  -2.23096448e-01  9.72405521e-01 -2.07077981e+00 -2.07780761e+00
  -1.82066406e-01  2.89412885e-01 -2.51977713e+00  1.79972523e+00
  -6.46034752e-01 -1.56498947e+00 -2.09230471e-01 -4.83099271e-01
  -1.01358708e+00  8.35601490e-02 -4.67852628e-01  4.64956908e-01
   9.98956076e-01  5.19424568e-01 -8.87560861e-01 -1.91284389e+00
  -5.82670594e-01  4.36365916e-01 -4.08806549e-01  1.67676014e+00
   1.24862278e+00  1.23041266e+00  1.42234103e+00 -1.46503154e+00]
 [-1.77338902e-01  9.24894706e-01 -7.79012699e-01 -3.67913670e-01
  -3.68182984e-01 -9.19787342e-01  6.38708323e-01  2.02797078e-02
   1.60793663e+00 -7.55387528e-01 -1.13008137e+00  7.90234697e-01
   1.03290846e-01  1.13181047e+00 -7.21034861e-01 -1.71153583e-01
  -4.50626966e-01  1.76971644e-01  2.12023389e-01 -7.84615973e-01
   1.35825072e+00  1.45595447e+00  1.42116273e-01 -2.74795426e-01
   7.96289972e-01 -5.71847249e-01 -6.63699062e-01  2.53714590e+00
   4.23838913e-01  3.51210931e-01 -4.38312260e-02  2.31494843e+00
  -4.89273598e-01  3.80492569e-01 -3.05995572e-01  4.56442003e-01
   1.42035749e+00 -5.35894315e-01 -1.19295069e+00 -1.32307689e+00
   2.41767068e+00 -3.13849673e-01 -4.19527059e-01 -1.25577225e+00
   1.90749016e-01  1.16615664e+00  1.52813998e-01 -7.30028294e-01
   2.23842133e-01 -5.88117562e-02 -8.65528064e-01 -1.58183446e+00
  -3.78559438e-01  8.75213444e-02 -5.07928152e-01  9.89385710e-01
  -7.81399764e-01  2.15870155e-01 -5.84381528e-01 -1.00970590e-01
   1.87637984e+00 -7.39324599e-01 -2.02609469e-01  1.13614371e+00]
 [ 6.09094555e-01  6.33907380e-01  1.02396593e+00 -3.14230421e-01
   1.26268189e-01 -1.52529994e+00 -1.00815528e-01  1.01067786e+00
   7.68147781e-01  9.27414613e-01 -2.71611226e-01 -2.74488653e+00
   1.52654402e-01  7.02251989e-01  1.41313355e+00  2.05577339e+00
  -5.09936205e-01  8.83971667e-01 -2.95191152e-02 -3.62650752e-01
   7.10490445e-01 -3.22534113e-01  6.25307172e-01  8.23381126e-02
  -1.82912723e+00 -1.20501328e-01 -1.55724963e+00  3.00765697e-01
  -1.45621892e-01  8.56274814e-02 -5.25984419e-01  1.37674117e+00
  -2.40202766e-01 -1.08308953e+00 -6.83531504e-01  5.73956361e-01
  -6.26130279e-01 -3.23527461e-01 -1.65617261e+00  2.34755388e+00
  -9.55319658e-02 -2.83603196e-01  7.64762274e-01  7.58433432e-01
   1.43760492e+00  2.89803393e-02  1.45989430e+00  1.29105344e+00
   1.04002375e+00  5.25995793e-01  1.02730234e-01  3.98068461e-01
  -1.37368419e+00  1.15684347e+00  9.70259945e-01 -8.27918664e-01
  -2.01974248e+00 -6.45316470e-01 -8.45765352e-01  1.68641937e+00
   1.02909840e+00 -4.02436578e-01  1.35794920e+00  5.19239396e-01]
 [-1.07693595e-02  7.15440454e-01  8.04538068e-01 -1.39454651e+00
   1.41972802e+00  1.16929718e+00 -1.76422214e+00 -5.41348968e-01
   2.90450467e-02 -1.14479206e+00  1.25163747e+00 -1.06057579e-01
   1.65129069e+00 -2.71340303e-01  1.01365913e+00 -3.22434340e-01
   6.72469738e-02  6.26024214e-01 -1.82988726e-01  6.85036534e-01
   1.26178320e+00 -9.15086868e-01 -2.38888146e-01 -1.00470924e+00
   6.21451660e-03  1.00147102e+00  9.44027393e-01 -2.61973695e-01
  -1.15936495e+00 -7.07843219e-01 -3.02642040e+00 -5.64128427e-01
  -4.07140851e-01  4.65186471e-01 -6.21357215e-01  8.27966285e-01
   1.02278352e+00 -9.04370397e-01  5.73845001e-01 -1.69330260e+00
   3.02815338e-01 -9.99017575e-01 -2.14094594e-01  2.78280418e+00
  -1.32501643e-01 -1.39976873e-01 -1.19421712e+00 -1.52779754e+00
   1.61215843e+00 -1.11817478e+00  4.79489122e-01 -6.92802859e-01
  -1.68320424e+00  2.33459516e-03  5.66766219e-01  1.79366288e+00
  -1.68706791e-01  2.08882584e-01 -2.92321842e+00 -5.45690835e-01
  -1.86754164e+00  2.40154755e+00  1.15347574e+00  7.15601603e-01]
 [ 4.04128849e-01 -1.77943051e+00 -2.92869095e-02  7.67253678e-01
  -5.50408036e-01  2.13013065e-01  2.17922350e+00  6.80552808e-02
  -1.22382425e+00 -2.37715284e-01 -1.98604829e+00 -3.80699270e-01
   1.49282197e+00  1.43940795e+00 -8.34635556e-01 -3.48216207e-01
  -9.44586589e-01  7.89903240e-01 -3.76094186e-01  8.53721828e-03
   3.78843597e-01  1.40026980e+00 -4.72718450e-02  1.07465422e-01
  -2.95672900e-01 -5.46028601e-01 -5.49766501e-01 -1.15102828e+00
   3.78653239e-01  9.96368990e-01  1.26765520e+00  4.94291633e-01
   7.76775397e-01 -4.67978839e-01 -2.40698316e-01 -8.82369202e-01
  -3.74469333e-01  5.33784914e-01 -7.22170543e-02 -7.87042127e-01
   3.23470180e-01 -1.12881337e+00  2.26317644e-01 -1.79280843e+00
  -1.78294898e+00 -5.12250654e-01 -4.53505861e-01 -3.04544580e-01
   4.10816794e-01  6.06271366e-01 -5.57894749e-01  9.81660116e-02
   7.10783075e-01 -4.50938650e-01  6.24483675e-01  1.22868644e+00
   4.98746980e-01  7.08058676e-01  3.56439923e-02  8.15118417e-01
  -2.28483463e+00  1.35970038e+00  3.61835777e-01  1.08812607e+00]
 [ 1.51003960e+00  1.73802125e+00  2.14396651e-01  1.20069196e+00
  -9.88524869e-01  3.28169833e-01  2.00621110e+00 -1.42280593e+00
   1.07745991e+00 -8.72981802e-01  1.28735138e-01 -5.39871316e-01
  -1.09516340e+00  1.66902326e-01  9.02814445e-01 -5.45009894e-01
   9.55433397e-01  1.10655686e+00 -8.16083225e-01  2.69995215e+00
   1.57518912e+00  8.90018526e-01 -6.00036651e-01 -6.56540016e-01
   7.74906808e-03 -1.63476308e+00  7.12639754e-01  1.33218447e+00
   8.78493048e-01 -1.59711678e+00 -1.55403840e+00  6.62500913e-01
  -1.37197710e+00 -7.30607734e-01  3.27284910e-01 -3.56297703e-01
   1.51448053e-01 -6.01194797e-01  1.36882936e-01  9.80698350e-01
  -3.53791928e-01  2.93928062e-01 -1.12512687e+00 -6.08222921e-01
  -5.14018018e-01 -3.21779296e-01 -1.61914175e+00 -2.62913684e-01
  -1.03731890e+00 -1.48070295e-01 -1.28265360e+00 -6.19235559e-01
   7.05619747e-01 -2.53662666e+00  2.83689596e-01  1.73493232e-01
   5.54568610e-01  2.52862122e+00  3.62930026e-01 -1.78505760e+00
  -3.01310684e-01 -1.32119880e-01 -1.12241050e+00  2.08798509e-02]
 [-6.18273114e-01  1.67064723e+00 -3.00469320e-01  1.41288409e+00
  -1.26325067e+00  1.76133802e+00  5.45683324e-01 -1.79791673e+00
   1.26287103e+00  1.37683555e-01 -2.10724540e-01 -8.00272624e-01
  -7.56130587e-01 -2.17191206e-01  9.01734302e-01  1.89409805e+00
   5.68792818e-01  1.92500277e-01 -7.43951488e-01  1.04165207e+00
   3.37910284e-01 -1.47388595e+00 -1.02950963e+00  4.05705361e-01
   1.19886721e+00 -5.89263769e-02 -1.86537116e+00 -4.50338013e-01
   3.15118059e-01  1.71364308e+00 -1.20245281e+00  2.82502767e+00
  -8.86316969e-01 -1.69820829e+00  6.13168037e-01 -6.95007482e-01
  -7.85224793e-01  1.02950240e+00 -1.64888590e-01 -1.69552057e+00
  -3.29834093e-02  3.48139819e-01 -1.04519891e+00  1.08653171e+00
  -1.83796870e-01  1.16274732e-01 -1.22947867e+00 -1.06516385e+00
  -5.89781296e-02  1.20446408e+00  6.00549889e-01  6.64753085e-01
  -1.11965428e+00  1.10512498e+00 -1.86755505e-01 -1.59850793e+00
   2.74743017e-01  1.70824589e+00  1.83326890e+00 -1.77316375e+00
  -1.17880032e+00 -4.60346891e-01 -9.64825192e-01 -8.90264142e-02]
 [ 4.30260265e-01  1.12506241e+00 -1.19222750e+00  9.16372433e-01
  -4.58710142e-01  7.50653497e-01 -1.14390621e+00  8.54835358e-01
  -7.48918808e-01  7.04363680e-01  1.26018490e+00  1.42651123e+00
   4.98724972e-02  1.80903986e+00 -6.16426096e-01  4.54497809e-01
  -9.44984380e-01  2.51197877e+00 -1.84581993e-01  2.33982598e-01
   8.14779989e-01  3.19217069e-01  8.15325612e-01  1.71567410e+00
   7.09760764e-01 -2.04314502e+00 -1.77594282e+00 -4.62427389e-01
  -7.74581139e-01  1.17253640e+00  1.59253222e+00 -2.24728499e+00
   1.04589780e+00  4.44726086e-01  2.11417386e-01 -5.93501644e-01
  -5.89508173e-01  2.60340876e-01 -1.64663779e-01  1.29359249e+00
   1.34139055e+00 -6.72945811e-01  1.83655180e+00 -9.19488959e-01
   6.97724869e-01 -4.52489277e-01  2.60547699e-01  4.54791326e-01
   1.42633235e+00  5.73116186e-01  4.90945550e-01 -7.30384176e-01
  -2.00135375e+00 -2.52612137e-01  1.40910790e+00  4.47938077e-01
  -6.58360737e-01 -2.35273169e+00  1.02435433e+00  3.70439217e-01
  -3.51079372e-01 -1.05856051e+00  9.05552887e-01  2.83911596e-01]
 [ 3.08609231e+00 -6.50684109e-01 -5.18071526e-01 -1.30926998e+00
  -5.54382268e-01 -6.91249132e-01 -8.10066484e-01  3.83330873e-01
   5.53323766e-01  2.77585866e-01  3.75294210e-01 -2.00144278e+00
   1.55335926e+00 -1.63659485e-01 -2.15716178e+00 -5.52598645e-01
   2.86591261e-02 -7.84850140e-01  9.83994963e-01  6.57482855e-01
   1.42986485e+00  1.05715506e+00 -4.74999096e-02  1.04928221e+00
  -5.29838477e-01  9.02845447e-01  4.75972339e-01 -1.32546884e+00
   1.61958011e+00  2.33999035e+00  1.91979278e+00  2.88292087e-02
  -2.65248534e-01 -1.05125656e+00 -7.80635238e-01  7.90089832e-01
   2.19371081e+00 -2.21253425e-01 -1.23605937e+00 -1.21102840e+00
  -2.87075532e-02 -2.23419029e-01  1.01601499e+00  1.76598418e-01
  -2.55710072e-01 -3.51327138e+00 -9.09543245e-02 -1.24833256e-01
  -1.48608027e+00  5.44667840e-02 -1.24590501e+00  6.13524726e-01
  -4.89757046e-01 -1.33413869e+00 -1.29111336e+00  8.92358637e-01
   1.07289032e-01 -7.65381003e-01 -1.65381739e+00  1.62246740e+00
   1.66468051e+00 -4.24684235e-02 -2.57329543e-01  1.71176909e+00]
 [-1.69866162e+00  1.94421319e+00  1.15389308e+00  1.68400374e+00
   3.18117909e-01  4.71929912e-01 -1.53910228e+00  6.08347650e-01
   6.97432690e-02 -1.06428794e-01  2.01981424e+00  4.23454435e-01
   3.94898584e-03  2.91202122e+00 -1.20149618e+00  1.21911249e+00
   5.46384097e-02  7.59806253e-01 -1.71809080e+00 -2.15359611e+00
  -8.05895601e-01  4.76070160e-01  7.85988813e-02  1.32201279e-01
  -1.08191247e+00 -1.20133212e+00 -4.51504782e-01 -1.21035746e+00
  -1.43184233e+00 -6.71889421e-01 -1.60435545e+00  9.28289330e-01
  -3.94965632e-01 -3.28954337e-01 -9.03361111e-01 -9.67735558e-01
  -1.13282537e+00  2.10105395e-01 -3.99793364e-01 -2.34579161e-01
   2.29834753e-01  2.67576924e-01 -1.52990588e-01  4.08424448e-01
  -2.32213039e+00  1.57042531e+00 -1.54804268e+00  2.60710034e-01
   1.04088510e+00 -1.20701501e+00  5.29544850e-01 -1.47109454e+00
  -4.61767850e-01 -8.08518843e-01 -7.71270815e-01 -1.33620725e+00
   2.95163280e+00  7.15692418e-01 -1.10351933e-02 -6.35515083e-01
  -4.43590327e-01 -1.41223091e+00 -7.43954811e-01 -1.21369563e+00]
 [ 5.63843927e-01  9.36849638e-01 -4.54055756e-01 -1.79762786e-01
   3.58944910e-01  4.14646848e-02 -6.37089023e-01 -1.23749403e+00
   1.44655655e-01  4.89137215e-01 -3.09487925e-01  7.97981045e-01
  -1.93620290e-01 -6.17754780e-01 -9.79645117e-01  1.15284652e+00
   1.68116749e+00  1.58708883e+00  3.89745849e-01  2.59025511e+00
  -1.22649738e-01  6.04174270e-02 -1.56587596e-01 -1.70767197e+00
   8.15015631e-01  2.86314740e-01  1.83250501e-01  1.64758095e+00
  -1.09041901e+00  6.14840774e-01 -2.41931776e-01  1.25733991e+00
   1.35873220e+00 -1.08923607e-01  1.16415309e+00  1.88109915e-01
  -9.69082100e-01  7.86911619e-01 -9.64326305e-01 -2.27625074e-01
   3.27102109e-01 -8.38002855e-02 -6.78922795e-01 -1.17430637e+00
   4.95290841e-01 -1.33407282e+00  9.25047795e-02 -2.76276909e-01
  -1.85229342e-01  1.48002066e-02 -2.09300963e+00 -4.71137419e-01
   1.51958445e+00 -5.52610389e-01 -9.27270015e-01 -7.26882469e-01
  -1.07700745e+00 -1.64529158e-01  1.19327545e+00 -6.09550893e-01
  -2.67926563e-01 -1.13693600e-01  5.65342926e-01 -9.77881053e-01]
 [-7.61874148e-03 -1.73629058e-01  5.16154441e-01  6.86046609e-01
  -2.43117415e-01  4.15583754e-01  1.14701793e-01  1.43333421e+00
  -1.66338729e+00  3.57893315e-01 -8.05295734e-01  1.31747180e+00
  -8.35576905e-01  1.16165165e+00  1.03132921e+00 -4.08378716e-01
  -6.09046205e-01 -1.29362170e-01 -1.21853823e+00 -5.50680194e-01
  -4.31924690e-01  2.88359771e-01 -1.17684211e+00 -1.78710065e+00
  -1.25651989e+00  2.17940496e-01 -8.44322124e-01 -3.06558284e+00
   7.26414806e-01  1.10357275e+00 -2.84530488e+00 -1.74831897e+00
   8.76279437e-01  1.88202383e+00 -5.67899523e-01 -2.49571177e-01
  -1.59544615e-01  1.97133166e-01  1.01183112e+00 -2.40690305e-01
  -6.70459576e-01  2.08516379e+00 -4.39960786e-02  6.21790041e-01
   6.22074996e-02 -8.44824516e-01  8.25307022e-01 -3.07928073e+00
  -9.87611942e-01 -4.98348917e-01  1.24218023e+00 -1.07090849e+00
   4.48510681e-01  1.92608967e+00  1.36115142e+00 -4.62653899e-01
   4.78389974e-01 -3.62773097e-01  2.79092569e-01  3.79531406e-01
   2.84802589e+00  1.37047677e+00  1.66032334e+00 -5.57441573e-01]
 [ 9.91949648e-01  5.97645054e-01 -9.91600273e-01 -8.18013203e-02
  -9.24336935e-01 -4.85568299e-01  1.64723012e+00 -7.00258418e-01
   1.21483658e+00 -3.91772498e-01 -1.11605002e+00 -3.72212543e-01
   5.82133038e-01  1.85969043e+00 -2.47344171e-01  1.81394480e+00
  -1.34883798e-02 -3.09217092e-01  9.68964208e-01  1.12871597e+00
  -6.62967518e-01  3.61038344e-01 -5.39660453e-01 -1.61425788e+00
  -9.60717626e-01 -4.15748728e-01  5.78653218e-01  9.91515896e-01
   2.16816235e-01  3.23901508e-01 -6.45007080e-01 -1.55760963e-01
   1.56255093e-02  3.14871027e-01  4.51013128e-01  2.42111059e+00
   1.24863442e+00  1.69791546e-01  4.93910144e-02  5.98066289e-01
   8.20727178e-01  4.76210349e-02  1.76929697e+00  1.36537025e+00
   4.61866805e-02  6.84920918e-01 -6.62399501e-01 -5.72270938e-01
   8.06416328e-01 -1.83480201e-01  7.10825908e-01 -5.51665378e-02
  -6.78934416e-01 -9.93990289e-01  6.51071122e-01  3.43007982e-01
   5.89249680e-01 -6.84106029e-01 -2.31080568e-01 -1.12656887e+00
   6.37159543e-01 -8.99468175e-01 -8.18590625e-01 -1.07694821e-01]
 [-2.78209221e-01  1.35859160e+00 -3.62519068e-03 -1.47246658e-01
  -1.41405419e+00  9.27795129e-01  2.35223124e-01  6.52204484e-01
  -1.10552613e-01  1.45936784e-01  3.55705117e-01 -5.54635748e-01
   1.03892427e+00  2.02779838e+00 -1.24107640e-01 -1.70920960e+00
   1.76875810e+00  2.37363016e-01  1.43562128e+00 -1.97660629e-01
  -4.37382520e-01  4.45899587e-02 -1.35592154e+00  4.63841471e-01
   1.44188029e-01  1.73526373e-01  1.24416979e+00  1.41728574e+00
   1.40832583e+00  7.19177306e-01  8.54948169e-01  5.25268392e-02
  -5.44344922e-01  4.24878623e-01  2.65616626e-01  8.06917190e-01
   1.29253320e+00  1.48421252e-01 -1.57511986e+00 -5.64050677e-01
   1.70075229e-01 -1.72813046e+00  2.35778793e-01 -2.12893862e+00
  -7.66229807e-01  1.57216801e+00  3.05867226e-02  4.96114290e-01
  -7.64629200e-01  1.14568992e+00 -5.37373720e-01 -9.95861863e-02
  -4.94210368e-01  1.81501885e-01  1.32384616e+00  6.17133564e-01
   8.27955603e-01 -6.85029292e-01 -6.44533287e-01 -3.60757234e-01
  -1.24372543e+00 -2.88878144e-01 -1.97247291e-01  2.80234184e-01]
 [-6.77132831e-01 -4.51122964e-01 -5.11488497e-01  1.35058586e+00
  -1.25403768e+00  4.42293208e-01 -5.39310643e-02  7.47259103e-01
   7.55907200e-01  1.14732129e+00  6.41188687e-01  5.30881520e-01
  -1.75306582e+00  9.62808228e-02 -7.18114860e-01 -2.43139993e-01
   1.55481868e+00 -1.44750082e+00  7.42578073e-01  4.91501569e-03
   1.14944359e+00 -6.31088671e-01  1.04393197e+00  9.48251918e-01
   1.06782191e+00 -2.67734568e-01  1.10020577e+00 -5.99726868e-01
   9.07171397e-01 -7.04240206e-01 -4.56226932e-01  3.38063049e-01
   5.54708726e-02  6.75485477e-01 -9.20272883e-01  8.67597853e-01
  -7.52767430e-01  6.48871458e-01  1.19057486e+00  9.83867966e-01
  -3.49642573e-01 -1.57638846e-02 -8.67665206e-01 -6.73874920e-01
  -5.32631375e-01  8.21096470e-01  1.69898149e-01  2.65344277e-01
   6.53000478e-03 -1.44926243e+00 -2.29254326e+00 -5.49467074e-01
  -5.68144908e-01 -1.90742365e+00  1.16220208e+00 -6.80533237e-01
  -1.85821737e+00 -9.61740659e-01  5.05835349e-01  1.02089131e+00
   1.39766800e+00  8.71764405e-02  5.75285424e-01 -1.77377620e+00]
 [-8.47318826e-02 -1.09891471e+00  8.38906221e-01  7.33055814e-01
   4.68391576e-01  4.23596750e-01  1.53452414e+00  2.01090794e-01
   3.10244723e-01  1.39096246e+00  4.33454886e-01  5.53505742e-01
   1.42005098e+00  1.01372066e+00 -1.38237171e+00 -2.17312521e-01
   8.44825931e-01 -1.32829200e+00 -1.35114621e+00  1.88873552e-01
   6.63333962e-02 -8.72788611e-01  1.20951995e+00 -7.27853704e-02
  -6.97976317e-01  3.50440940e-01 -3.31708025e-01 -2.30910822e+00
   7.62238553e-01 -9.44968247e-01 -4.58347326e-01  1.39342383e+00
  -2.72871228e-01 -8.14657888e-01 -1.67250465e+00  1.54679690e+00
   1.26202318e+00  1.38286662e+00 -1.31979705e+00 -1.49213926e+00
  -1.40894408e+00 -1.13997232e+00 -5.72775819e-01  1.13608116e+00
   4.86229360e-01 -1.90989237e+00  4.01851394e-01 -9.87143431e-01
  -1.37342096e+00 -5.65094309e-01  8.19964448e-01  6.32478055e-01
   2.63699963e-01  1.02130313e+00 -9.38623557e-01 -2.91825947e-01
  -1.78341852e+00 -2.77362096e-01  1.16162716e-01 -5.99701680e-01
   7.73396736e-02  6.85164764e-01  9.56721700e-03  9.80158629e-01]
 [-7.11160956e-01 -1.18889524e+00 -3.89924380e-01 -1.56369913e+00
  -1.84548331e+00  3.34027510e-01  7.68287581e-01 -3.15748961e-01
  -1.35341312e-01 -2.53476946e+00  3.00444559e-01 -1.42031729e+00
   1.21409957e+00 -4.65053772e-01  6.96844805e-01  6.50340263e-01
  -1.19658080e-02  7.31776241e-01 -5.38598597e-03 -7.63661648e-01
  -2.09796427e+00  2.79825063e-01  1.40332748e+00 -1.03442688e+00
   4.03046714e-01  9.30970664e-01 -3.46098686e-01 -7.59598316e-01
  -8.01065664e-01 -1.19916463e-01  8.61057681e-01 -3.69630508e-01
   6.35966170e-01 -1.17646205e+00 -3.45081804e-03 -1.12339365e-01
  -2.22871887e-01  1.55765060e+00  1.10165613e+00  2.12241056e-01
   1.67613402e+00  6.06896965e-01  4.74666279e-01  3.85232481e-01
  -4.60426468e-01 -4.19499900e-01  1.91667314e+00 -6.76863609e-01
   2.41463984e-01 -1.68063000e+00  1.05813692e+00  2.49201738e-01
  -8.99865324e-01  1.21012989e+00  1.70391635e+00 -8.76245983e-01
  -2.38737645e-01 -1.08606008e+00 -5.70802910e-01 -2.75859839e+00
  -5.34117160e-01 -8.26000803e-01  7.52582335e-01 -3.48026013e-01]
 [ 1.19226514e+00 -6.18545677e-01  1.61215252e+00  4.54102440e-01
   6.52097448e-01  2.24089200e-02  1.42242457e-01 -8.36974721e-01
  -7.93111378e-01  3.09222092e-02 -1.65971013e+00  1.06599964e+00
   3.62454765e-01  2.16638407e+00 -1.22891616e-01 -2.27867089e-01
  -2.95452887e-01  5.79817498e-01 -1.95691389e+00 -4.67421210e-01
   9.77015541e-01  5.69863608e-01 -7.54915237e-01  6.93920055e-01
   3.64199893e-01  1.09616193e-01 -1.04144724e+00 -7.64459384e-01
  -1.06681696e+00 -1.44578697e+00  1.87210832e+00 -1.15388299e+00
  -1.97497916e-01 -2.86561495e-01  8.33087184e-01  6.70513470e-01
   3.44740610e-01 -4.73473499e-01 -4.06688895e-01 -5.87706975e-01
  -1.47598629e+00  2.53583705e-02  7.28252358e-01  9.05281957e-02
  -1.10865229e+00 -5.16630538e-01  5.95692642e-01  1.18041942e-01
  -2.51683652e+00 -5.52143168e-01 -4.22952915e-01 -1.61083624e-02
   8.82902863e-01 -7.44907302e-01 -4.41148839e-01  7.62824639e-01
   1.12510437e-01 -6.69776407e-01 -4.97248294e-01  1.96268142e+00
   5.85295145e-01 -1.44613738e+00 -8.56233542e-01 -1.12635238e+00]
 [-3.85617939e-01 -6.22885627e-01  1.02839869e+00 -2.44100714e-01
   7.78077500e-01 -5.75395535e-01  1.51399201e+00  1.15229196e-01
  -1.61138563e-01 -5.89229274e-02 -1.84402740e+00  1.61422768e+00
  -2.43276741e-01 -1.20363492e-01 -2.77313026e-01 -2.40099404e-01
   1.83972594e-01 -1.67289958e+00 -1.57157693e+00  1.76837611e+00
   8.04215748e-01 -6.42111587e-01 -1.58639860e-01 -1.84473480e+00
   1.06832379e+00 -5.31246372e-01  4.95951819e-01  2.62933249e-01
   1.21200097e+00  1.34342335e+00  3.37789229e+00  9.03847947e-01
  -1.66258108e+00 -4.04178339e-01 -1.88102177e-01 -3.54915141e-01
   3.83566602e-01  2.12802484e-01  6.52582719e-01  1.01628328e+00
  -8.29554566e-01  4.26026549e-01 -1.24047257e+00  1.29652101e+00
  -3.47832676e-01  1.04014396e-01  1.67704869e+00  8.70136307e-01
   1.20329626e+00  3.83090711e-01  6.90713650e-01  7.15681248e-01
  -2.04266825e+00 -4.55088861e-01 -5.70261815e-01  7.90580311e-01
   1.14471064e+00 -8.88497491e-01 -1.10419726e+00 -3.84034109e-01
  -3.83150496e-01 -1.60273143e-01  8.82118253e-01 -3.94074661e-01]]
Biases:
[[ 0.0095663 ]
 [ 0.20988109]
 [-0.02280477]
 [-0.14869876]
 [-0.18166493]
 [ 0.42651142]
 [-0.0828093 ]
 [-0.07045589]
 [-0.19867928]
 [ 0.62924281]
 [ 0.71297202]
 [ 0.23454057]
 [-0.1784693 ]
 [-0.37194865]
 [-0.1907115 ]
 [-0.10436461]
 [-0.67523718]
 [-0.16412379]
 [ 0.01654067]
 [-0.18658229]
 [ 0.25441366]
 [ 0.06738099]
 [ 0.30562149]
 [ 0.10689213]
 [-0.55409652]
 [-0.25001088]
 [ 0.43331885]
 [ 0.12588277]
 [ 0.2877286 ]
 [ 0.15958159]]
LayerType: Dense
size: 30
input size: 30
Activation Function: Tanh
Weights:
[[ 3.91204495e-01  9.62158931e-02 -2.96744596e-02 -1.74314389e+00
   2.14074980e+00  2.12669411e+00  1.18542339e+00 -1.13393287e+00
  -4.56712024e-02  8.18965929e-01  1.76025689e+00 -2.51806501e-01
   2.81459222e-01 -7.53192287e-01  6.06593216e-01  1.18615058e+00
  -3.82566148e-01  5.02692624e-01 -1.46335798e+00 -1.78712903e+00
  -2.66636775e-01  1.08544779e+00  1.43084855e-01 -5.90434457e-01
   6.43311256e-01 -7.13923165e-01  6.91451979e-01  1.46984305e-01
  -3.40566064e-01  3.43253106e-01]
 [-5.50089023e-01  1.57436398e+00  9.53318224e-01 -4.15239445e-01
  -1.41675130e+00  2.13408145e-01 -1.30456507e+00 -3.54405328e-02
  -1.39827741e+00 -1.64114844e-01 -1.32883107e+00  1.70565509e+00
  -4.65963284e-01 -6.92880751e-01 -9.80934678e-01 -1.01179483e+00
   1.74992019e+00  3.78480478e-01 -1.71797690e+00 -1.55297844e+00
  -4.08627434e-01  1.34866078e-01  2.37436508e-01 -1.30610672e+00
   5.94207442e-01 -3.92264062e-01  1.61246743e+00 -2.86501719e-01
  -5.03277896e-01  2.82960394e-01]
 [-7.56104857e-01  1.52498447e+00 -1.19712930e+00 -3.27789333e-01
   2.59410445e+00 -2.68892646e-01  1.92428006e+00  7.09975782e-01
  -1.81558821e+00  5.67686392e-01 -8.16255198e-01 -1.82567742e-03
  -1.73632541e-01  8.72713502e-01  8.94848703e-01 -5.64738690e-01
  -5.80820093e-01  6.31566841e-02  6.17506550e-01  4.44588063e-02
  -1.25258627e+00  6.46617362e-01 -1.01462984e+00  9.50820287e-01
   2.17262004e+00  5.42661590e-01 -1.20895113e+00  1.25072252e+00
  -1.55450813e+00 -1.93116391e+00]
 [-1.75502886e+00  2.11493200e-01 -1.25404520e+00  9.64213178e-01
  -8.38404198e-01 -1.97205696e+00 -1.58844618e+00  7.39820554e-01
   5.41028491e-01 -3.76928544e-01  4.13651079e-01 -1.54753579e+00
  -1.11049108e+00 -1.41033544e-01 -1.40153852e+00 -1.79492413e-01
  -1.37276824e-02 -4.00333444e-01  9.70708090e-01 -1.39893610e+00
   2.34891024e-01 -8.07368171e-01 -6.73825006e-01  2.26396912e-01
  -8.24065233e-01 -2.49805264e+00  1.34866077e+00  4.08921440e-01
  -1.49651490e-01  1.22086267e+00]
 [ 1.79201948e+00 -1.38816396e-01  1.81249983e+00  1.87257678e-01
  -1.15359290e-01 -1.47321979e+00  1.40260886e-01 -5.12946176e-01
  -5.33669646e-01  1.62566049e-01 -8.97499795e-02 -1.46459040e+00
  -6.25755663e-01 -1.62466009e+00 -1.68086607e+00 -1.13036216e+00
  -7.82146743e-01  9.53200465e-01  1.35215386e+00 -5.62253401e-01
   1.98523550e-01 -1.91064804e-01 -4.43367391e-01  1.72221748e+00
   2.84677753e-01 -1.06671074e+00 -1.07068774e+00 -4.81736389e-01
   8.78505103e-01 -1.74876652e+00]
 [ 4.34897559e-01  1.14673827e+00  1.06130886e+00  6.33557363e-02
  -1.13753577e+00  4.95566692e-01  7.39226715e-01 -2.90751993e-01
  -2.21656997e+00  1.31803422e+00 -1.71184862e-01 -1.38178044e+00
   2.08609351e+00  1.04769513e+00  1.87756048e+00 -1.67709045e-01
  -2.72640909e-02 -2.75157456e-01 -3.08808050e+00  7.62841624e-01
   6.95543514e-01  6.94799596e-01 -1.31896910e+00  1.06086808e+00
   4.59563033e-01  1.92978676e+00 -2.35398940e-01  1.20760579e+00
   5.96732116e-01 -1.48739834e+00]
 [-4.65232090e-01  3.48981064e-01  1.90394028e-01  2.84517294e-01
  -1.27189046e-01  9.03300246e-01 -6.10273480e-01  1.04612215e+00
   1.31037407e+00 -1.31993694e+00 -9.88042543e-01  5.32467249e-01
   5.03714089e-01  1.22972257e+00  7.14511224e-01  1.02553086e-01
  -2.51577290e-02 -5.36122275e-02 -8.27795993e-01 -1.03024351e+00
  -8.47439476e-01 -4.06560105e-01  6.30148601e-01 -7.52926276e-01
   2.10583494e+00  1.99000552e+00 -5.34938989e-01  6.78694779e-01
  -2.85262913e-01  1.01956235e+00]
 [-4.34483620e-01  1.07983668e+00  7.86923877e-01  1.62711978e-01
   1.02705933e+00 -3.25198018e-01 -8.41198650e-01 -7.21774519e-01
  -1.42947397e-02 -4.79390467e-01 -6.46129156e-01  3.50555061e-01
   1.53538085e+00  1.01596635e+00 -1.06251457e+00 -1.35845427e+00
  -4.82404921e-01 -6.18553539e-01 -1.10085021e+00 -2.19709099e-01
  -1.29589435e-01 -6.01228738e-02  8.12086581e-01  7.63149122e-02
  -2.69632786e-01 -3.57099099e-01 -5.99752068e-01  1.16829020e+00
   1.82486780e+00 -1.06331688e+00]
 [ 1.29032029e+00  9.48565849e-01  6.83194090e-01  4.45654613e-01
  -6.51704000e-01  6.77310218e-01 -3.52883311e-01  6.58686443e-01
  -1.64094790e-01  6.74935536e-01 -2.29685106e+00  2.02125599e+00
   3.92846413e-01  8.93432124e-02  5.76113082e-01 -3.44123919e-01
  -1.05228354e+00 -3.48336650e-01 -1.47402680e+00 -4.98948883e-01
   3.90387876e-01  1.13851352e-01 -7.04594404e-02 -4.45517457e-01
   1.21441128e-01 -8.53208593e-01  1.83521636e+00 -2.89059666e-01
   7.04738380e-01 -4.54346954e-01]
 [ 7.56290950e-01 -9.45985331e-01  5.79407403e-01 -1.04379202e-01
  -1.31611293e+00 -8.14797737e-01  5.13274856e-01 -8.90221649e-01
   3.75203646e-01  1.85559863e+00 -2.02475475e-01  2.78542222e+00
  -1.20516840e+00 -1.12963959e-02  2.08436673e+00  2.21534616e-01
   7.37184765e-01  4.89510648e-01 -6.53600340e-01  3.16900914e-01
  -9.58901124e-02 -9.99135418e-01 -1.73492032e+00  6.94082843e-01
   4.74921868e-01 -1.23879843e+00  2.42758871e-02 -1.12767960e+00
  -5.60479822e-01 -1.40941558e-01]
 [ 1.20644846e+00 -9.07341473e-01  7.92375687e-01  1.72193573e+00
   9.47328434e-01 -1.92262591e+00  5.88241050e-01 -9.05409037e-01
  -9.75757682e-01  2.08318471e+00 -1.58995979e-01  5.01410077e-01
   1.04573049e+00 -6.04885452e-01  2.66639076e+00  2.37803486e-01
  -9.97533704e-01  2.07695696e-01 -6.32768580e-01  9.55923391e-01
   1.13434037e-01 -1.13098823e+00  1.42829331e+00  1.79652263e+00
  -1.06215513e+00 -2.49751204e-01 -7.58153850e-01  1.31863418e+00
  -6.96770579e-01  3.68951159e-02]
 [ 1.34715701e+00  7.45608420e-01  1.97973831e+00  1.73808201e+00
   4.19582522e-02 -3.25689412e-01  6.52566285e-01  2.64554656e-01
  -1.23504913e+00 -4.22795808e-01  1.21875866e-01 -2.08596406e+00
  -1.35862136e+00  9.93647799e-01  1.96981621e-01 -1.07505001e+00
  -8.25248301e-02  8.63246085e-01 -7.57342707e-01  2.25433880e-01
  -8.25975364e-01  1.81648562e-01 -7.26313737e-01 -4.72249538e-01
  -5.88093906e-03 -1.71418287e-01  8.28904651e-01  9.40994265e-01
  -6.91040039e-02  4.20017090e-01]
 [ 4.23423794e-01  1.17572932e+00 -5.95536800e-01  1.09453108e-01
  -2.45709657e-02 -1.75977936e-01  1.31838743e+00 -2.88761262e-01
  -6.36271526e-01 -7.53795541e-01  1.87905585e+00  1.41848131e+00
  -1.97209466e-01 -4.33349813e-01  6.25942165e-01 -5.55965053e-01
   6.41300344e-01  1.95292591e-02 -6.28979946e-02  3.05472296e-01
  -4.73393467e-01 -2.01246912e-01 -1.89953859e-01  1.92431227e+00
   8.67501373e-01 -4.79771011e-01 -6.73922851e-01 -1.63259497e+00
  -3.92641470e-01  1.68515976e+00]
 [ 4.08735836e-01  1.19946129e+00  1.50258054e-01  2.44118202e+00
   8.87072846e-01 -1.69637732e-01  3.50635931e-01  4.40899002e-01
   1.02426522e+00  1.89897550e-01  2.19333258e+00  5.74713800e-01
  -2.50785859e+00 -8.21436110e-01  2.09943590e-01  4.50643611e-01
   3.47995349e-01 -9.39955178e-01 -1.83112455e+00 -3.23193723e-01
   5.20247040e-01  3.34679052e-01  1.76247975e-01  3.90220730e-01
   4.88544897e-01 -6.66413772e-01 -2.53198618e-01 -2.88161748e-01
   1.23395617e+00 -5.14153697e-01]
 [ 1.97619816e+00 -5.63041711e-02 -3.62304851e-01  1.08891574e+00
  -2.49106193e-01 -7.98675059e-01  1.20806432e+00  1.22476099e+00
   6.03708276e-01  1.28945153e+00  1.69796092e-01 -1.18660052e+00
  -7.69134208e-01 -1.69430610e+00 -1.00401682e+00 -4.59273445e-01
   1.67340312e-01 -8.58665171e-01 -1.31882970e+00 -1.27689150e+00
   1.46632303e+00  9.10890249e-02  1.43959193e-01  1.51789102e+00
  -6.41344402e-01 -2.47657192e-01 -4.09035685e-01 -2.76891376e-01
  -4.53657994e-01 -6.42331641e-01]
 [ 9.74368245e-01  1.70259886e+00  2.48121048e+00 -3.57956463e-01
  -1.55294631e+00 -6.66157445e-01 -6.37139538e-01  2.48231797e+00
   5.20620446e-01  1.25970242e+00 -6.89933030e-02  3.64178666e-01
  -1.05412717e+00 -6.23819482e-01 -2.10154799e+00 -1.96189536e+00
  -5.23311900e-01 -1.08223432e+00  7.79970202e-01 -6.14167253e-02
  -5.68991253e-01 -7.02026991e-02  4.37902573e-01 -1.98199366e+00
  -1.03907742e+00 -1.22867811e+00 -1.16802474e+00 -1.23524290e+00
  -3.77610129e-01  5.02191574e-01]
 [ 5.33449720e-01 -4.66561517e-02 -2.16007529e+00  8.01294966e-01
   4.89323860e-01 -1.06537109e+00 -1.02978609e+00 -5.09238887e-01
  -1.03207836e-01  1.37346439e+00  1.28050587e-01  6.30021297e-02
   2.78279566e-01 -1.73924638e-01  1.19049184e+00 -6.22935071e-01
  -6.13092529e-01 -9.23364601e-01 -6.22415021e-01 -5.42726434e-01
  -4.04989407e-01 -1.04129188e+00  4.11340590e-01  1.86227055e+00
  -8.93602424e-01 -7.20836574e-01 -3.42425904e-01 -1.50319529e+00
  -4.05664564e-01  2.96278501e-01]
 [ 9.70686184e-01 -9.05224082e-01 -5.03632058e-01  2.26759521e+00
   3.46706572e-01  1.39835522e+00 -3.43870143e-01 -7.52680189e-01
   1.45925758e+00 -7.08398542e-01 -1.70552876e-01  3.00313849e-01
   2.09819928e+00 -6.61850310e-01  2.72402434e-01 -1.41787882e+00
  -9.69951834e-01  1.61268412e-01  2.86901942e-01  3.21337558e+00
   7.23617292e-01  1.75737035e+00 -1.33803809e+00  6.44938443e-01
   4.69494313e-01  7.96820731e-01  1.97465422e-01 -8.41319524e-02
  -1.07132408e-01  9.55719465e-01]
 [ 1.66445852e+00  1.36344177e+00 -7.95154965e-01 -1.18006863e-01
  -1.02426494e+00 -1.68036033e-01  9.70780369e-02  1.84483073e+00
  -5.38579971e-01  6.44899556e-01 -1.08841263e+00  1.47385270e-01
  -1.20736031e+00 -3.21862050e+00 -3.23840153e-01  7.41018785e-01
  -6.77059781e-01 -5.98921838e-01 -1.86491276e+00  1.30250445e-01
  -4.67554819e-02  8.97880522e-01  8.94258472e-01 -7.27904770e-01
   4.26458248e-01 -2.30970095e+00  4.79850271e-01 -8.19587695e-02
  -7.57520396e-01 -1.42970187e+00]
 [-2.25715512e-01 -4.62120634e-01 -2.61567886e-01  5.40392245e-01
   2.27248483e-01 -1.09774368e+00 -6.53520363e-01 -8.34994211e-01
   8.35111883e-01  6.07644876e-01  1.52301928e-01 -6.37880335e-01
  -2.64902641e-01  7.82532454e-01 -1.29043272e-01 -9.19613677e-01
  -5.40329479e-01  6.44748512e-01 -5.72042773e-01  1.78592626e+00
  -1.21032241e+00  3.70723206e-01  2.65861874e-01  3.38506880e-01
  -8.52628299e-02 -4.96419200e-01  3.47964384e-01 -3.05998120e-03
  -5.92065846e-01 -1.01428079e+00]
 [-1.19828123e+00  4.45348971e-01 -2.58419471e+00  1.72587500e+00
  -4.13685839e-01 -8.91046607e-01  8.38501383e-01  1.19997895e+00
  -6.36892155e-01  6.35240228e-01 -1.04483834e-02  4.08743627e-01
  -5.97752259e-01  1.08371917e+00 -8.19291653e-02 -6.77170359e-01
  -4.16644418e-01  1.32158122e+00 -2.55380613e-01  4.29097461e-01
  -6.91228943e-01  8.78083710e-01 -1.11343528e+00  1.10495887e-01
   1.15864163e+00  8.54569850e-01 -1.90546722e+00  1.54174407e+00
   2.81242823e-02 -1.98368637e-01]
 [ 1.08866350e+00  2.10346159e+00  1.85846941e+00 -1.68065471e-01
  -8.60654928e-01  6.69930916e-01  5.33646618e-01  1.27451468e+00
  -5.96433799e-01 -1.63766148e+00 -5.74101273e-01  1.01508909e+00
  -1.44540361e-01 -1.31924986e+00 -2.09040925e-01  6.05582254e-02
  -2.64493007e+00  6.09640994e-01  1.22639286e+00  4.29909315e-01
  -4.76163644e-01  1.03784561e+00  1.93806221e+00  5.16431844e-01
   3.79416847e-01  2.08252131e-01 -1.74707677e+00 -6.76004301e-01
  -1.17820716e+00 -3.36263654e-01]
 [ 1.72270793e-01 -1.98284440e-01 -1.28143356e-01  5.18923657e-01
   2.41235279e-01 -9.30888583e-01 -4.13943713e-01 -1.87366847e-02
  -7.79796125e-01 -9.84698141e-01  1.49118725e+00 -1.38191827e-01
   4.70402543e-01 -8.29465980e-01 -5.21216636e-01  4.62044781e-01
   1.15797494e+00  1.20689936e-01  1.54971155e-01  1.17635315e+00
  -9.35785166e-01  8.79956579e-01  4.06409573e-01  5.35186707e-01
  -4.53514868e-01  7.13313806e-01  8.70053265e-01  5.46509066e-01
  -6.97808624e-01  1.67857840e+00]
 [-6.18366418e-02 -7.79263504e-01  1.44693102e-01 -1.58657418e+00
  -8.13694565e-01  3.53325834e-01  1.43136083e-01  4.80365161e-01
   1.29205262e-01  9.16759186e-01 -6.33761530e-01  1.97935355e-01
  -3.14991443e-02 -9.42664040e-01 -1.19466457e+00  1.95315732e-01
  -1.05884136e+00 -5.29277953e-02 -5.05330987e-01 -2.35464119e-01
  -2.87329803e+00  1.80128486e+00 -2.24002438e+00 -4.07120433e-01
  -9.85177808e-01  9.63701411e-01 -1.39605748e+00 -7.81549475e-01
   9.50540298e-02  1.17418804e+00]
 [ 6.96951041e-01 -1.20810060e+00 -7.71759169e-01  9.43709225e-01
  -3.15918978e-01 -3.06166696e-01  5.89081611e-01  6.66837780e-01
  -1.94864829e-01  3.86011946e-01  1.26943154e-01  8.29221861e-01
   9.07887713e-01 -1.07047424e+00 -1.41795450e+00  2.48030615e+00
   1.99707436e+00 -8.67509583e-01 -9.87007729e-01 -4.03261289e-01
   1.48436954e-01  1.01181125e+00 -3.79074051e-01 -4.78154169e-01
   2.07157101e+00  5.11785354e-01  2.11640549e-01  5.14634141e-02
   1.23913452e+00 -3.59847165e-01]
 [-4.84568054e-01  4.47435189e-01 -2.43089976e-01 -1.51341258e+00
   8.18164090e-01  7.30303947e-01  1.29729428e+00  7.43866747e-01
   1.07536523e+00  8.35046769e-01  1.23879422e-01 -1.60222094e+00
   2.14631462e+00  1.11928925e+00  4.86387425e-01 -6.87828903e-01
   2.03255858e+00  9.93242632e-01 -2.33608949e+00 -2.08123835e-01
  -1.02396382e+00  1.47581315e+00  2.57061005e-02 -6.77809117e-01
   3.60125194e-01 -1.18591604e+00  2.10720980e-01 -6.55331429e-02
  -1.08027893e+00 -1.51320162e+00]
 [ 1.06485101e+00  6.55100789e-02 -3.13273186e-01 -1.00563760e+00
  -7.99224449e-01  4.11643119e-01  2.06993908e+00  4.73835853e-01
  -6.86551460e-01  1.16688601e+00  1.94587247e+00  9.24247767e-01
  -4.23600485e-01 -3.82985400e-01 -7.62926546e-01 -1.41735412e+00
   5.54700929e-01 -1.38335243e+00 -5.75411507e-01  1.78449768e+00
   1.00437785e+00  6.19395693e-01 -5.80608345e-01 -2.94962380e-01
  -1.39105748e+00 -2.89782644e-01 -5.70490666e-01  1.10147612e+00
  -5.87496338e-01  8.43996511e-02]
 [ 3.77573672e-01 -1.48382460e-01 -1.51133621e+00  1.46757812e+00
   5.82337165e-02  5.04153953e-01 -3.38670563e-01 -2.99276527e-01
   6.25809124e-01 -7.82494342e-01  1.00441986e-01 -8.39254159e-01
  -3.86523445e-01  2.39039003e+00  8.25603821e-01  1.27348711e+00
  -5.95522033e-02  1.22744497e+00  6.74554199e-01  7.70891462e-01
  -7.54320545e-02  9.08201171e-01  8.70219922e-01 -1.52350262e+00
  -9.39267472e-01  3.79194059e-01 -2.48236828e-01  1.33285430e+00
   5.91970695e-01 -4.17622105e-01]
 [ 1.38828717e-01  2.09788910e+00 -8.11981055e-01 -5.45106673e-01
  -1.34267012e+00  7.66224783e-01  6.54680772e-01  2.92270728e-02
  -2.78087256e-01  1.01856146e+00 -7.67282682e-01 -1.43124425e-01
   1.92953612e+00 -4.71448946e-01  1.38626750e+00  7.80918866e-01
   2.82006423e-01 -5.05251261e-01  8.07886929e-01  3.22991421e-01
   4.15696786e-01  2.51441680e+00 -1.31587327e+00  2.27796205e+00
   9.89556965e-02 -2.26606595e+00 -3.56640228e-01  3.85669302e-01
   7.87518367e-01  2.52861383e-01]
 [-1.41908817e-01  6.79826979e-01  7.70253162e-01  8.11331412e-01
   4.17429122e-01 -3.71637390e-01 -2.87325282e+00 -6.79639911e-02
   7.33223880e-01  7.28880383e-01  7.47324635e-04  3.29348079e-01
  -5.55266766e-01  2.80698817e-01  1.85568000e+00 -5.55895507e-01
   2.87531887e-01 -4.57242158e-01 -2.03987386e-02  5.23017585e-01
  -1.30201810e-01  2.80003473e-01  1.82878216e+00 -1.60318462e+00
  -2.14000828e-01 -1.09136397e+00 -5.87138346e-01  8.12929638e-01
  -6.74803182e-01  2.19087991e+00]]
Biases:
[[-0.35174945]
 [-0.07868525]
 [-0.22953772]
 [-0.28440735]
 [-0.74597651]
 [ 0.08480932]
 [-1.23138013]
 [-0.53207292]
 [ 0.43640569]
 [-0.65217241]
 [ 0.29155625]
 [-0.56872007]
 [ 1.12348044]
 [ 0.19721096]
 [-0.27791635]
 [ 0.13786184]
 [ 0.28215556]
 [ 0.43832845]
 [-0.60618366]
 [ 0.18571755]
 [ 0.67474337]
 [-0.16648645]
 [-0.23518496]
 [-0.65661316]
 [-0.07188399]
 [ 0.77283044]
 [ 0.51386874]
 [-0.27480928]
 [-0.74515691]
 [ 0.11882425]]
LayerType: Dense
size: 10
input size: 30
Activation Function: Softmax
Weights:
[[ 3.02187355e-01 -3.45948168e-01 -1.12705778e+00  2.88865000e-01
   1.16592838e+00 -6.30571165e-01 -8.48630270e-01  9.12023971e-02
  -1.65040716e+00 -8.63667590e-01  7.44410230e-01  3.67878794e-01
  -2.42127952e+00  1.22642835e-01  9.01073166e-01  6.91492867e-01
   1.12913436e+00 -9.66196493e-01  2.56948142e+00 -6.71021197e-01
   9.31948531e-01 -5.63825738e-01 -1.98595600e+00  7.72538064e-01
   1.62234288e+00 -6.60112728e-01 -1.27011853e-01  5.49954207e-01
   5.87947388e-01 -4.07800370e-01]
 [-9.56957489e-01  1.13372713e+00 -1.33397128e+00 -6.60760211e-01
   5.82435037e-01  1.24109145e+00  1.11956339e-01 -2.01452867e-02
   3.69198760e-01  2.44025305e+00  7.91291312e-01  7.80905544e-01
   1.76306123e-01 -3.52357927e-01 -2.23844708e-01  1.22223835e+00
   9.84327990e-01  3.13869330e-01  1.48564099e+00  5.62348763e-01
  -6.45629766e-01 -9.28485114e-01  2.54129488e+00  8.26841776e-01
   1.57887978e+00  1.51732629e+00 -1.29542248e+00  7.30053903e-01
   1.97222712e+00  3.69305238e-02]
 [-2.38723907e-01 -6.63244977e-01 -1.70698052e+00  3.86392035e-01
  -1.34553517e-01  3.03270732e-02 -1.06675162e+00 -7.99459514e-01
   1.38985848e+00  2.15680382e+00 -8.61481268e-01  4.67591822e-01
  -1.61379195e+00 -8.76707394e-01 -4.94620152e-01  1.65167306e+00
   1.51339869e+00 -1.71081575e+00  5.58115753e-01  2.04758700e+00
  -7.86797894e-01  3.82402812e-02 -1.32453389e+00 -8.02496205e-01
  -4.18501023e-01 -1.86649589e-01 -1.02732238e-01  1.47831371e-01
  -1.04000313e+00  6.16088176e-01]
 [ 1.16331120e+00  5.71355678e-01 -7.16468823e-01  2.22468623e-01
  -9.80125282e-01  1.52513569e+00  7.30483724e-02  8.48482414e-01
   1.22546063e+00 -8.00752616e-01 -1.06418312e+00 -1.07523183e+00
  -1.60601662e+00 -1.84489166e+00 -9.59622936e-01  4.03122272e-01
  -6.06770082e-01 -6.56377984e-01 -7.35887833e-01 -1.16950760e+00
  -1.94866625e+00  8.99521790e-01 -1.83988196e+00 -7.56465344e-01
   2.30314751e-01 -9.03501269e-02 -1.23700046e+00 -9.48257896e-01
  -2.82278277e-01 -7.44593227e-01]
 [ 2.17349802e-01 -1.79341788e+00 -1.13161832e-01 -1.93026390e-01
  -5.94236286e-01  8.70669691e-01 -1.98132786e+00  6.97630664e-01
  -2.19331781e+00 -3.62064813e-01 -4.28013093e-01  1.16713575e+00
  -6.55224857e-01  1.05768926e-01  1.33301954e+00  1.16818419e+00
   1.05034598e+00 -1.75083527e-01 -1.01207371e+00  1.03398769e+00
   8.27711624e-01  2.47324459e-01  3.84259088e-01  1.11374720e+00
  -1.07086003e+00  1.47553457e+00  6.11115172e-01 -9.72672118e-01
  -9.85211268e-01 -7.12750499e-01]
 [ 8.84770875e-01  1.61196116e+00  1.66176606e-01 -1.93090041e+00
   2.12729707e+00  2.75788814e-01  1.37095490e+00 -1.15878518e+00
   8.07739494e-01  3.98224478e-01 -1.32708352e+00  1.89050744e+00
  -4.58889581e-01  6.90062210e-01  1.40577868e+00  1.17879532e+00
  -1.85881700e-01 -1.84033473e+00  1.35467802e+00 -1.69408815e+00
  -6.92173924e-01  9.03582981e-01 -1.72718372e+00  5.53112623e-01
  -1.84684546e-01  1.02748747e+00  1.26252229e+00 -4.01319695e-01
   3.87583745e-03 -3.15999398e-01]
 [-5.38619474e-02 -2.57786668e-01  1.81332891e+00  1.18634465e+00
   2.64411931e-01  2.86965799e-01  1.88524366e+00  9.92185873e-01
   1.21113328e+00  1.03425636e-01  3.38259285e-01  1.68283752e+00
  -1.02465037e+00  3.61433141e-01  2.12404786e+00  8.11240535e-01
   1.21160503e+00 -5.90549027e-01  9.01310147e-01  1.10117462e+00
  -4.03230527e-01  4.56678539e-01 -1.06180244e+00  6.80449237e-01
  -1.50675971e+00 -4.43568527e-01 -2.58728101e+00 -2.16495434e-01
  -3.33080386e-01 -6.48315498e-01]
 [ 3.81000603e-01 -9.59907335e-01 -5.58460654e-01  8.01706331e-01
   5.92665749e-01  2.73313758e-01 -1.69764792e+00  1.52417443e-01
  -3.52983740e-01  8.23682480e-01 -5.10218895e-01  3.03655180e+00
  -5.10061926e-01 -5.15794968e-01  1.01453284e-01 -9.86833144e-01
   1.22191299e-01  2.83947407e-01 -9.98094931e-01 -1.33868414e+00
  -2.02831080e+00 -9.24518342e-01  1.37450597e-01 -1.25583296e+00
  -2.13220475e-02 -1.23141686e+00 -6.37042920e-01 -2.02623218e-03
  -2.95952129e-01 -1.71730728e+00]
 [-2.31854349e+00  6.36317344e-01  6.52794124e-01  3.37412752e-01
   4.25410709e-01 -3.20872044e-01  5.27768134e-01  1.73245062e+00
   2.99343689e-01 -2.96177858e-01  1.78495957e-01 -2.22630398e-01
   9.81507211e-01 -2.83887238e+00 -5.20062347e-02 -1.51124030e+00
   1.18266060e+00 -2.79058277e-01  5.06037692e-01  8.33637074e-02
   3.52685157e-01  3.42822463e-01 -1.62628626e+00 -1.00313264e+00
  -6.39762970e-01 -2.64767180e-01  4.56939143e-01 -2.75547651e+00
   1.38500345e+00 -1.67797436e+00]
 [-7.69860821e-01 -1.56154547e+00  1.04020633e+00 -1.79764240e-01
  -6.45655682e-01  4.97284034e-01  1.26587458e+00 -1.19533649e+00
  -2.48337642e-01  7.84739817e-01 -1.69123654e+00 -1.39081549e+00
  -3.22378969e-01 -1.75753578e+00 -1.43113230e+00 -1.56442826e-01
  -6.69974825e-01  2.89454745e-01  1.57151391e+00 -1.10974704e+00
   5.95338462e-01  1.53004973e+00  2.48583285e-01  6.30186671e-03
   9.09318443e-01 -2.10286200e-01  3.30497808e-01 -1.73912958e-02
   5.31322032e-01 -2.12676215e+00]]
Biases:
[[-2.49498312]
 [-1.13680105]
 [-0.85547248]
 [-1.17005339]
 [-1.50273743]
 [-1.05727169]
 [-1.85098871]
 [-1.51248762]
 [ 0.00365695]
 [-0.96478418]]
