LayerType: Convolution
num kernels: 3
input shape: (1, 8, 8)
output shape: (3, 7, 7)
kernel shape: (1, 2, 2)
stride: 1
Activation Function: Relu
kernels:
[[[[ 2.64349421  1.12401646]
   [-0.55759279  0.16501573]]]


 [[[-0.78607036  0.87867668]
   [ 1.15935888  0.12221299]]]


 [[[ 0.4051794   0.76049411]
   [ 1.46934847  0.29255797]]]]
Biases:
[[0.01137589]
 [0.        ]
 [0.        ]]
LayerType: MaxPool
shape: (2, 2)
input shape: (3, 7, 7)
output shape: (3, 6, 6)
stride: 1
LayerType: Flatten
input shape: (3, 6, 6)
output shape: (108,)
size: 108
LayerType: Dense
size: 5
input size: 108
Activation Function: Tanh
Weights:
[[-0.47503918 -1.0502957  -0.9995166   0.08326897 -0.80122876 -0.64129354
  -0.30704624 -0.279601   -0.0615104   1.33480303  0.26591323 -0.13675939
  -1.11310291  0.63670251 -1.91156698  0.838082    0.61226042  0.78834337
  -0.87927673 -0.03560813 -0.70455183 -0.39323829  1.36570007  1.53024966
  -0.84843886  0.47605559 -1.53933467  1.20664988  0.81376043  0.79697688
  -0.15640321 -0.0622215   0.59949021 -1.65406234  1.01231225 -0.45618008
  -0.0831726  -0.78420455 -1.09000005 -0.53949655  1.12782485 -0.38276273
   0.54670945  1.1670438   0.78401582  0.74621643  1.02212924  1.14837429
   0.32821677  0.35483133  0.7077251  -0.34779623  0.28216314  0.81238061
  -0.66331978  1.03792676  3.6595698  -0.52517879  0.15938013  0.21389969
  -0.46872287 -0.87120925 -0.65694949 -1.38690219  1.18310113 -0.47276288
  -0.03064801 -1.40435333  0.16745622  1.13013834  1.7159204   1.57410935
  -0.51395288  0.29086009  1.32216572  0.58659745  0.54459301 -1.15510597
  -1.02675452  0.01268161  0.45493313  0.53333998  0.88572683 -0.69780118
  -0.16596382 -0.56113696  0.07764244 -0.26458023  0.75011715  0.73742988
   1.12104534 -2.21420291  0.30255297  0.35326181  1.62452609  0.62895413
   0.20896727  1.77866814  0.36668078  0.45993067 -0.52643474 -1.49732938
   0.71924574  1.60712168  0.72796669  1.91514695  1.6276019  -0.3800534 ]
 [ 1.02877178 -2.07526573 -0.66847857 -0.92363772 -1.98740193 -1.16886145
  -0.11675534  1.64513542 -0.33052708  0.27163264  0.49998498  0.34728655
   1.25161208 -0.05772163  1.08723901  0.20938484  1.12814389  1.17397169
  -1.11236477  1.81340486  0.89794858 -0.43814829  0.90014936  0.30954392
  -0.32348521 -0.56544555 -1.00363359  0.87849238  0.29313581  0.36704745
  -1.59798768  1.46302208 -0.80479753  0.89602039 -1.40418682 -1.35285228
  -0.86514496 -1.95989233  1.62240753  1.68735538 -0.02138976 -0.46059265
   0.48745009  1.42369103  0.63048593  1.15054704 -0.33677844  1.64009921
   0.42245081  0.63370502  1.32473225  0.64776388  0.57949348  0.05721609
  -0.20815656  0.09653778 -0.47929495  0.44454066 -1.36322339  0.84215697
  -0.13309964 -0.61382378 -0.08078868 -0.41344667 -2.74883079 -0.95698728
  -0.85244757  0.86642794  0.36070035 -1.17826966 -0.75491483  0.03574254
  -0.60107277  1.18309071 -0.77284007  0.74800634  0.92585345  1.10303339
  -1.78017516 -2.70415371  0.30951423 -0.67075394  0.85261115  0.22715399
   1.19687241 -1.03542731  0.08134444  1.29025389  0.4704346   0.93122376
   0.29710503  0.30717251  0.69180357  0.79115074  0.75117264 -0.88483397
   0.67975228  0.88874301 -2.50130613 -0.19174854 -1.31995963 -0.30227178
   0.22856262 -1.60549796 -0.03820133 -0.47871231 -0.74663781 -0.33387332]
 [-0.44201732 -0.0513689   0.34748875  0.09729344  0.86086361 -0.03401172
   0.83509712  0.79542557 -0.54316831  0.27461364  0.53002367  0.46430613
  -0.08082054 -0.10909873 -2.41867556 -1.06417313  1.03857059  0.06680165
   0.93160209 -2.23992295 -0.90929469  1.27974191  0.28459038  0.3321366
  -0.77417888 -0.44630539 -1.06870449  0.8216859  -0.7341498   0.76256334
   0.5609511  -0.80682522 -0.35711686  0.57061622 -0.57443165  0.49156546
   0.49028521 -0.79724467 -1.04302053 -0.0808883   0.4208504  -0.78004035
  -0.27078065 -1.30552206 -1.29021863  0.50449914  0.91156616  0.99943553
  -1.539302    0.25836133  1.9467914   1.80208478  1.02659974  0.57816775
   1.58229494  3.24422444  1.454283   -0.07084921 -1.8096562   0.75005787
  -0.27950583 -0.22078518 -1.05185884 -1.27722941 -0.63679467  0.07217217
  -0.39941097  1.76893716  0.17393383 -0.80986633  0.90324054 -1.56886343
   0.05743511  0.00419025 -0.03714839  1.06030666 -0.13654352  0.73017
   1.70185553 -1.71179209  1.66568212 -0.28440462  0.5763033  -1.08359777
  -1.24730772 -1.4682542  -0.86182568 -1.96821856 -0.78067171 -1.08874793
   1.95466593 -1.34036543 -0.4235864   1.96501482 -1.39415284 -1.49492911
   0.43657757  0.27784552  1.42576314  0.87213944  0.07253029  0.05353344
  -0.62789306  0.28272805 -0.48445754  0.48811737  0.27509919  0.68946696]
 [ 0.95151037  0.16369327  0.55438232 -0.25734453 -0.34268708 -0.3073324
  -0.08563119 -0.49442258  0.33787648  0.60281322  0.03262172 -0.03320675
  -0.00961656 -1.23233295  0.58670264 -0.75328059  0.92523792 -0.85516026
  -0.24965807  0.42340728 -2.36018684 -1.68060446 -0.47752118  0.86458851
  -0.90074791 -1.11882332  0.42645933 -1.94098539 -0.80477868 -0.75054896
   0.35283213  1.85332019 -0.01575076 -1.1638434   0.3579297   0.62633235
   0.14780534 -0.1526889  -0.11197502  0.61137838 -0.72581452  0.20920772
  -0.28987968 -0.75518054  0.18195281  0.03513593 -1.07316864 -1.58441095
  -0.60530349 -0.0049844  -0.99269607 -0.69471874  1.58704743  0.90466148
   1.28634822  0.08316558  0.46375265  0.66841496  0.57891802  0.49127877
  -0.7387379  -0.69053273  1.02627222 -0.20935765 -1.51234724  0.17902318
  -0.8984572  -1.23251755 -0.31330667 -0.81699149 -1.20765672  1.36977544
  -2.38656497  0.92898395  1.63545429 -1.20437238 -0.58971162  0.03649361
  -1.47646786  0.22918822  0.51812971 -0.95186064 -0.26398392 -1.28940708
   0.01603634 -1.03346389 -1.30866952 -0.45611596 -0.59181904 -0.20958644
  -1.47264289 -1.91508686  0.06661279 -0.44754971  0.80775164 -2.20537024
  -1.21319871 -1.39417561  0.48584951 -1.25218881  0.41268064  0.87684071
  -1.98156261  0.51201491 -1.57640442  0.15329804  0.39124447  0.47861123]
 [-0.75815075 -0.54484017 -0.39126986  0.23386446 -0.2680157   0.58565589
  -0.79463407 -0.54092321  2.38943594 -0.77778318 -0.16855246  0.77137514
   1.19452878 -0.37405929 -0.66887229 -0.92477857 -0.24221378 -0.65688928
  -1.05108106  0.36712585 -0.94200276  0.11906216  0.65004689  0.34077856
   1.4761107   1.53360467 -1.16370478 -0.31912128 -0.52335098 -0.03079086
  -0.21498533 -0.30640881  0.93757624  1.02863918 -0.6141458   0.71436286
  -1.55645514  1.06427246  0.52188851 -1.81524848  1.11250143  0.2971516
  -1.04661719  1.19455367  1.14130146 -1.44617448 -1.25307863 -0.74535859
  -1.2552673   1.15129848  0.0053318  -0.64156493 -0.97423758  2.28011857
  -0.526562    0.07453706  2.16024623  1.43691078  1.23933645  0.90646823
   1.28526838 -0.84875092  0.2299656   0.02343983  1.24843628  0.6700744
   0.16591972 -0.53260676  0.22857442 -3.09460701 -3.02032494  1.83388141
  -0.22850855 -1.53327347  0.65145567  1.68968897  0.0655002  -1.54358288
  -1.00158706  0.38008231  0.45564466 -1.21282256 -0.23788491  0.07280073
   0.56262255  0.22501292 -1.39330202  0.20826525  0.28405167  0.27258915
   2.2335505  -0.08542005  0.24211116  0.31537503 -0.97767966 -0.64524564
   0.25918634  0.45750594 -0.15165874  0.84166578  1.6838228  -0.10631792
   0.54546913 -0.92397547  0.26435559 -0.06934944 -0.43565999 -0.02343844]]
Biases:
[[ 0.1868864 ]
 [-0.18937619]
 [-0.19694104]
 [-0.16551588]
 [ 0.117422  ]]
LayerType: Dense
size: 5
input size: 5
Activation Function: Tanh
Weights:
[[-0.90760079  0.07076336 -1.55702599 -0.38632511 -1.12739929]
 [-1.17702546  0.09894579 -1.0973313  -0.8080572   0.75267621]
 [-0.83168112 -0.49081818 -0.13412099 -0.26830278 -1.48330915]
 [-0.68158218 -1.91986771 -0.95108395 -1.36895765  0.9940658 ]
 [-0.23851777 -1.88465662 -0.58617617  0.23981944 -0.50500493]]
Biases:
[[-0.50094178]
 [-0.07220049]
 [ 0.15871161]
 [-0.09596715]
 [-0.31507961]]
LayerType: Dense
size: 10
input size: 5
Activation Function: Softmax
Weights:
[[ 0.8366653   0.33228881 -2.0099761   0.42804663  1.36636154]
 [ 0.20646251  1.22413924 -1.5628612  -1.22922128 -0.64787745]
 [-0.94135462 -2.70413947 -0.10094201  0.72351816  1.0960911 ]
 [-0.25140624 -2.87469589  0.36416897 -1.27523149  1.89390274]
 [ 0.14425695  1.11303706 -1.39664346  0.22397696 -0.97264539]
 [ 1.99666004  1.43738437  0.62706186 -0.67370106  2.50812196]
 [-1.38502383  1.40654273 -0.55135079  0.11645215  1.53821585]
 [-0.64999382 -2.51458254 -1.22622367 -0.47901153 -1.10846304]
 [-0.2991207  -1.33069935  0.49059615 -0.33686044 -0.60920121]
 [ 1.35416305 -0.57762743  0.99520467  0.17473031 -1.41855397]]
Biases:
[[-0.13314521]
 [ 0.41286122]
 [-0.26528391]
 [ 0.12400146]
 [-0.25988528]
 [-0.65709648]
 [-0.8081762 ]
 [-0.59715665]
 [ 1.09144768]
 [ 0.74617989]]
