LAYER_SIZES :: [1, 10, 10, 2]
ACT FUNC :: SOFT PLUS
USE LAST ACTIVATION :: True
WEIGHTS ::
-1.9031500383784514
-3.3735629353609453
-4.8289833989111814
-5.595305106585267
-4.266445059313102
-8.108496499583877
-5.970104598873811
-3.4834787631575783
-6.313411603424848
-4.079259849023795
1.566116915274994
-0.47862531256798013
-0.527116619063619
-0.7410164617909958
-1.541175482276631
-3.457188578307276
-1.523609302696318
-3.3871709872082754
-1.6450340140534891
-1.8740480143102047
0.5394273259335999
-0.9474114845369987
0.17247866874131715
-1.9870437451551246
-0.0997177413584572
0.04629453809040521
-0.5496509600112194
-0.4404128890317152
-1.4996109260121324
-2.374496276392442
-1.394220940348539
0.6404893462582225
2.260498494938874
0.1380210693850054
-0.6305809372724049
2.9648589764562736
1.9598712964702723
-1.7405020366111954
0.8382742128961175
1.1678210180941275
-1.2546104786899726
-1.407684314985823
-0.5844133152061676
-1.960033356763508
-1.3408571132451763
-1.5003090091149924
-2.160730027864405
-0.5338440085637463
-2.441976923415189
-2.2996691270611245
-1.2079821166716367
-0.07657436639999367
-1.3672095966844056
-2.4247561541249616
-2.6081030369464377
-3.5859049559954688
-1.0463205447573674
-3.2170800910035906
-2.3831504204314307
-0.40959517648369276
-1.198239738804251
-0.012240872720243743
-0.7865887918509916
0.9316160819419119
-0.12421500720978972
-0.6741432825286725
-1.759628027883801
-0.8544734362425895
0.7622223631657411
-1.5311763933854132
-1.0163862088847537
1.1191197168761267
-0.8800208437726386
-1.625070459691783
-2.144843925206036
-0.5530795739435344
-1.7480066726944627
0.15485646573466844
0.21929285725591474
-1.6967566222305797
-0.9353603074970804
-0.5834448552846151
0.11042215164202342
-0.7132711420667218
-1.5262355290754128
0.3373983309932718
1.5102106969974183
-2.3592970555252673
-1.832123139486997
0.4353289736099627
-1.896648856974783
-0.1367969243598497
-1.8687854804774158
-3.185314901151768
-2.0970325434501405
-2.8777409044243676
-2.02153075306492
-1.851546493030791
-3.259748641501108
-2.3817454795963515
0.8741355663009512
-1.8824041630013408
-0.585887720091598
0.24862631065086524
-2.921188837775017
-0.7366383478351674
-2.3165384138670326
0.9776714952194595
-0.5419107087351167
1.4550175503193765
-1.1571381463676265
-0.9339064400525442
-2.134755807585388
0.3396107424836765
0.16123533063634435
-0.17009874069661493
-1.1652592784650522
-1.9902379258128111
-0.5664058719014101
-0.3185745637243119
-2.372688627728954
-0.6040684930259649
1.1212699839601767
-1.5943199239077852
-2.0894641929875872
0.925919865845842
-1.350908613678443
-1.6837423181587772
-2.604472123428646
-0.7104373099632407
BIAS ::
2.3157255599921904
3.115399002586514
0.31370981915083646
3.3753765380844
2.8593595207012616
3.082514278172819
1.6169928120066388
1.20399201994417
3.145388579851201
0.7584643674858921
-0.13596389151859226
-0.7979911241820461
-1.3190103858501545
-0.12034236888843912
-0.19230903972040758
-1.9112784357088901
1.1151851469944032
-0.09255781585581802
-0.1555353011417698
-0.33684721611008483
1.7444320601320136
0.07654580578554128
