LAYER_SIZES: (64, 25, 25, 10)
ACT FUNC: RELU
USE LAST ACTIVATION: False
WEIGHTS:--------------------
0.09473670445539409
-0.26297391734527503
1.0340245320405426
-1.546046663033596
0.5029580430603657
1.6816691964365487
1.071015647162531
0.20601800286788746
-2.133881654257268
-1.3498959348962603
1.605672617028303
1.7019497981932254
-0.3668561922198744
0.7532004271335319
0.6424597357107646
0.20395470484076783
-0.4636148783061008
-0.4997132029685884
0.16490140722676602
3.4723844323813524
0.816573980780189
0.6557035140672249
0.03951187329641874
0.5989231010217693
1.699957453446982
-1.0583115757295345
0.0756376440124308
2.493304363329247
-0.39551214672944957
0.768467759180945
-2.622634660308666
-1.0315397473660515
-0.18842827386626174
-1.5065010487778134
1.2861776856113583
3.7327490860809265
-0.5236862879145777
-0.13990224568369936
-2.223792229550588
0.7441208824039234
-2.848668091629455
-1.637627004783681
2.455992255128249
1.8557886362624585
0.5764990168845248
0.2189881837904715
-1.114937779316583
-1.8895245580831075
0.7829113034052779
-0.510203361473403
-0.45969895477736156
-0.21650536787221758
-1.3955556602976895
-1.3049194015594971
-0.4818899734253808
0.9083650340167551
-1.1739426345295902
0.14124984588702555
-1.014901163899674
0.3234771219380831
-0.5336489466626462
-1.6774884050007237
-0.853659246487591
0.7227215192614052
0.7494774335242969
0.4899246303983137
-0.5832498223082104
-1.0780620783116264
-2.048494011440466
-2.1650710562709112
-1.9060741589220487
-0.3075450229871116
1.289027361009152
-0.24374586992774294
-0.7383235858482575
-4.015706775210173
-2.2945398060298325
-0.3943033659848923
0.002958648623159958
-0.9789802482263926
1.1287778595402669
0.27285577315254517
1.353020954632109
3.394316961506625
2.9288448948829555
-1.7027223726301162
-0.43681394285289993
2.1063560303858906
0.638983643587237
3.314921375780733
0.1325879845994001
3.17653490641627
2.9322008875032246
1.1500989228966827
-0.7052755749112322
0.7506365837514479
1.5534800193165814
0.9748931866885419
0.8951503686130534
0.8381835496969181
1.6358276143546395
-1.2499741277765761
-1.3303651534010397
0.42471956082693985
1.4077214711022497
1.173274577869938
-0.8959393381127421
3.5267990225788983
0.7153290746194234
-0.16841683560308596
-1.8311134146258397
-0.1572331232757218
0.27431927837676956
1.0414340851880026
-1.8362134193103583
0.9345144445002237
-0.8563042266969133
0.0934612519140253
-0.23375344746654747
0.8280088019647815
0.7587866520491475
0.10430513848167013
-1.528759501543453
-1.1197717859382552
2.326170347845608
1.310028539291923
-0.18090870988063368
1.4823410880223358
1.4366053024666037
-0.42617123491771003
0.2789918031404885
-1.8379754938461117
-0.92943854143464
1.1910500377559565
-0.9081919973742467
0.618010329445972
0.4568399524464275
1.9952371374348161
2.443348325274021
-1.6561049325737
-1.6301707626903963
0.315983597386864
1.4739594466531352
-0.44533081968398974
0.6535593391656432
0.8831605019961735
0.23894447941146454
1.2428225482468793
1.6207579248686452
2.8317919251382446
1.6023496288818928
-0.4195771890462337
-0.1257873033082595
0.283830173600471
-2.3521161153047703
3.2424375781832993
3.256401660461126
-0.1472817344121356
-0.5665690732605817
-0.2690734515543996
-0.06837277883770852
-0.8295050593107691
-1.1243989737806712
-0.03567488894340815
-1.3339147259439263
-0.008678887222361802
-1.2280904971081463
0.09194690606799519
2.887998848022508
0.31731087906731476
0.00019163075523884817
0.1557724189056634
0.4393525971783804
1.129750233552366
-0.5589928365031567
0.07463321672624605
1.4589818742865919
1.2087235869239357
-1.9856540190460412
-3.1680637396007594
-0.10166516027522689
0.44773801808348207
0.20475964133944397
1.0665623000964932
0.1915732951068247
2.6265433829095333
-1.198799807562395
-1.083394496712711
1.7532981906770349
-0.7923064472719947
0.6458521841906051
-0.2180010118464809
-0.928489518640298
0.9148609616070289
-1.9327822091792466
0.8092472603858825
-0.5942514658547295
-1.6986155952301238
0.7580751212776807
0.4167578574481955
-0.011620386388723607
1.0691160622094562
-1.7070950242049585
0.42794740087494043
2.4224938876754645
-0.8786261529000972
1.4326172089949183
-0.37147360050964245
-1.3182958054010099
1.341737620540743
-3.0644877638560755
-2.582599303843759
2.1932134132377503
2.7405958279212546
0.6677748948059744
1.4582657222882744
1.6118467072414673
0.5712744283692791
-0.12550521461959338
-2.835277628756077
-2.274123703186299
0.4046781034817597
3.6870548423909835
-2.009824705648998
0.41676088671461603
0.5620746655388335
0.043274524834155816
-3.0283296318927024
-0.4393168680039039
3.0743187386424937
2.450081291533846
-0.4182744402703053
-1.8892908098093484
-0.8312966151862049
-3.5661830962208767
0.34802058452953993
-0.4417190734036411
-1.8887939856649973
1.9844453156503377
-0.18364285300079047
-1.1156443644816332
-0.025413128544647806
-1.9366668615838967
0.887917579441357
1.0790347989916074
1.4683057062811267
0.08934481027948953
1.6416467265425128
2.2203513258666465
-1.547707188688473
1.2567864880123565
0.04228126297505374
-1.7852924334631879
-0.3081633526012734
3.3359051179246486
0.135075864076829
-0.29578845813619353
0.7991308787145506
-1.6052627110297386
0.2070567015127228
1.9657845237887401
1.2352821804744216
-0.22595010693261175
1.2806205273173887
1.498028505685461
-0.7388222345278346
-0.5333101960804177
-2.038213742768019
-1.3981994598377971
0.8505833859027594
0.5279055952932716
-0.17027140717263453
-0.3758750842269048
-1.112347437162707
-2.27322670697991
-2.248198204956874
0.4731266617210662
-1.8921633515700422
-0.020063412888397657
0.693677462512333
-1.6722393416824322
-0.8903859299895909
-2.0875284576661954
0.3987092095507506
-1.7610916441799604
-2.545238389322263
-2.078537330752954
1.1178302258892794
0.6107822901017518
-0.8676140750133191
0.6834159881527814
1.9433219791791552
3.6353164037890666
-0.7473051602541049
-1.6723508250534682
0.6223912453389066
-0.08469400925394165
0.9254501404356575
2.428677003062105
1.4256109334875897
0.791977876429483
1.0343525900817092
1.9205378302648162
0.6184880048990365
-0.23194778390275766
-1.000300199592319
1.7879685840849393
-1.085544521610626
-1.6038094181722093
1.9414230884811183
1.2522951993409062
-1.4080520657950242
0.7495559446734982
1.549364078542381
-2.203368609343974
-1.0935266702158841
-0.39206957822977234
-0.43653877297687793
-0.11887967303940648
-0.7884164770522906
0.10925109133076222
1.2953853123270265
1.5590951535096282
0.028032789271713262
0.056863924969232316
-2.0759852458794366
-1.9060497796490123
0.5139410584589638
1.2190083660195643
-0.5446804801470676
1.3572484912572043
1.2713662800378855
-2.2820447111232545
0.29494135686761214
-0.08970922346131834
0.475005653143256
-0.5773753529244046
-0.09366120665628955
-0.7154913403010033
-1.7407472992365396
-0.11822656880319803
-1.9031701437106145
-1.8516576175209076
1.3563641910401711
-0.18535326514050088
-0.040277414626701175
1.3932958264403716
1.3390785132933385
0.7574465226866033
-0.7125038469182592
-2.50057948592347
1.0049714242946408
-0.20593271775671984
2.606345226426987
0.14308595266416388
1.262371284603105
-0.9606889119317947
-1.5340258639006084
-2.3321506087492843
-0.1141326028207723
0.17761566966818237
0.06639210466362859
3.00332779570342
0.31199549333123616
-0.25438794376320356
-1.3935610960588474
1.4098715561717408
1.3302962798345614
0.7410475613936495
-0.6440279705539987
1.9267252653903322
1.5561430143941968
1.02456373396402
3.2423855315222463
1.8433290796491781
0.481546958234274
0.2338020609347495
1.0763457711956563
-0.6112604042071016
0.2663324112095392
-0.9188258425056266
1.2022551869284481
0.2380532425920969
-0.4982902004228616
0.6186508417587341
0.66938734634132
2.3194843146741677
-2.702945116775689
1.2317402781748035
0.4159034116025586
2.7610601254623934
0.9588845288662728
1.1961237382369008
1.137110810722917
1.9648925818340857
0.8790510274757155
2.584926630383532
-0.20746112212986256
-0.10881612245003863
1.0953849240311677
1.228875612644092
-1.5341173948853892
0.2631349220606653
-1.0907620193120169
-1.7090414328177281
-3.182022616408185
0.01894334129152976
-0.6667499708186326
1.1831595005886062
-1.4901442142112402
-1.049027108298024
-3.267137830836442
-0.3552688200732814
-0.14868943685008834
0.24308938083043505
-0.30359997343505357
0.7855426630926062
0.6773614910906358
-1.0098420219430788
1.2304551421082095
0.0012503419198923152
-1.2627039726398548
-0.4847594456697044
-0.8390571006192813
1.6461065393727656
0.008102926047139506
3.9517054165127394
2.4450153078961843
-0.46041894149992013
-0.40663941250808666
-1.3400178464215304
-0.2733312917883413
1.5208355117837384
-0.4467541952722333
1.6191542694585226
1.1427805869622718
0.525293173670827
-1.645501282622671
-0.7774523052600062
-1.2360427978096513
0.25928686005727175
2.0057035279811206
1.6764351326408393
1.2087982695437125
0.872699509765976
0.29945004841187944
-2.092814425707594
2.3760894394752
0.6412267068591787
-0.8797411712201962
-1.4280257317424805
0.39332490313259144
0.9398239432865441
1.112600892358436
-0.8522085318464337
0.1035104214008397
-2.071438684152308
0.14910379859681913
-0.3637361222737159
0.3397610228790338
-1.7839232135357244
2.6968075644304976
-0.5970190603213784
1.4609610211473358
-2.462872097531309
1.2031705307953158
3.2268582697586634
1.0948225229330726
-0.6155377051090136
3.086189909977571
0.5495288698895732
0.6658157884653918
1.066479101226536
-0.2840268460506478
-0.5389718975311403
4.077736068732835
1.1431542910062937
1.667330818325052
0.5302446927890093
-1.9199193012628644
-0.719341455855231
0.4221041766913388
-0.17084514507542364
3.8370977815189646
-0.872237492623555
-2.938750272576965
-0.7864736746963346
1.1333383076099903
-2.1243469575055793
-0.4214832511933616
-1.5764265188935747
-2.2239646053440545
-1.1450870015157268
-0.7884062118149664
-1.3966948055454604
0.19506268857863024
-1.1448408093756788
-1.0895837233494363
-0.052187860489734166
-3.8936466681012667
-1.678469656319255
0.18703065120462112
0.16842064035394796
-1.3507917932442666
-1.249565741398973
1.1414649599897768
-1.7496478032730047
1.2816485102635993
1.263516136632873
1.1078350491558642
-0.9262019177816367
-1.0080065594388514
-0.3789870840673411
1.2005573338949247
-0.13564811370906302
-0.5729530035330073
-1.5514365941119852
0.5302533966163364
-3.3634358701219766
0.8008206882794683
0.5533410603559752
2.2269142301568583
-0.4651717383257841
2.0763891450485055
1.7215109753132598
0.3113856197935227
-1.4537639210527658
-0.6333637535155632
-0.9504595444754597
0.14285455116480927
-2.1992997803257532
-1.7058005917581056
1.8122053140522414
-1.5433657566200667
-0.3134126843134619
0.8947645149077829
2.3616639019682975
1.7217523040721234
-2.204249251174367
-2.013831373665191
-1.1754963168447325
0.9139228742016595
-0.3291165688392327
1.1781633905324378
0.2791114407860442
0.17809337336726463
-1.0844991311275267
0.9276987925384107
-0.369553605078373
-3.2889080247431157
-1.165188635297469
-0.5186346077910312
0.367643176811179
-0.36749079471736806
2.7881744307960408
3.8866581061641043
-1.5871872653779666
-1.59153496186115
0.2800367135205648
0.578423268322329
1.1705319716448135
-0.5859137151742898
1.9932098646314527
1.8146384593110423
3.705463948092347
1.8603351820254461
-1.3380489026405782
-0.9443020023487838
0.23526696027052518
2.391928529040511
-1.1885769960493333
0.6364395125139022
1.4609133062833568
1.018347650380462
1.3550188189306365
0.5971137419828019
-0.7353128692230543
-0.6489633836974251
1.8077619166543712
0.06725257903580353
-0.44897706730226705
-2.6656141246490943
0.9182322150108311
-0.7842640542550776
-0.11517043812528537
-1.2438017534974772
1.3390959051550475
0.5398829427821488
-0.9552911217223402
-1.3269210246330319
-1.2498683415224152
0.4259248669613092
0.9991634229699853
0.7234624096788141
0.19743892696969106
0.3185659430648552
0.273641444166787
0.6021526610177097
0.26749809673287595
2.2749691219110555
2.095119004416569
1.920196676617561
1.0111661419635334
-2.5366432306697493
-3.2655949409384557
2.194994225565611
1.4774343076119778
1.561571496560144
0.504853333228684
0.7749246804663156
1.1318125407809942
-3.9169309520015796
-1.2063195528192447
1.0105787010146527
0.9836062812379757
1.9174815805317393
0.47807701553481013
1.6321125199851478
-2.3013043487498956
0.3182905881875263
-0.7028097494130582
-2.9835828796858817
-2.0534025588858884
1.22442429722583
1.907355534452448
0.9812580626691996
-0.5403390301824309
0.8438847103468715
1.3331252684739465
0.3007677782160125
-1.2454299578002954
-0.07724298525304168
1.6058155431345955
-0.1815083899248314
1.090311842026824
2.177858352180182
-0.11215672266483866
0.8040517042597455
0.9856435475395123
1.1819552148509216
0.5448463021518258
-0.688160886979503
-0.16171087389362002
0.44659982369380447
1.7880059522187592
2.013583972967383
1.4867866814753075
0.7182607061956445
0.8814322597115587
1.837312951832576
1.619674871082077
-1.2483282900046666
-0.6723706748648626
1.987312864522359
0.6552485380786347
-3.1272244197770367
0.8095085182602006
-0.06614538258998369
-1.6437630708049864
-0.006613007836588407
-0.5102680744754595
1.2388085067698746
0.5433845152786815
0.6509668669138822
-0.23359363364688135
-2.976449856867445
-3.113284849513867
1.9276646221472042
1.4060180908987818
0.08845808533262406
1.4766758521592527
0.5420394279019713
-1.0038717733050042
-1.939376216477532
-2.187263925513839
2.483595616163186
0.924979126854132
-0.9811123934317003
-1.5272807374655664
-0.6157970529386176
-0.3172006110790754
-2.1296505654291624
2.61825840351829
1.573110499344214
0.5676505469649354
1.2980163144095236
2.2327888757767242
-1.0281086503195151
-1.0116368305935568
-0.2789642751862479
1.2259684786847809
0.22082449761173104
-1.6644655727116497
-0.28727752956661057
2.661766779029687
-0.8382356774074933
1.132548373313988
0.8330685795765705
0.7763707277298209
-1.4272512847171
-1.7917326908004558
-1.769550133292355
0.5796923294362016
0.9044994374314442
0.2599835664446791
1.3887575639593457
-0.9288109299639576
0.43469241466413655
1.9693614743860457
2.2047484489489504
2.45257883730619
0.5147296034071048
-0.6903101679954406
0.12810443978554764
2.6498711523792227
0.23487298475984156
-0.08860749587647795
-1.2321398494931661
1.449433997236982
0.06711764338789407
-0.09998196859345639
-1.2780440561934256
-1.0817747381668867
-2.4538403039896135
-2.4098051493115875
-1.91873518322583
-0.3134064313687858
-1.6601993750347255
-0.22380625008355187
-0.03566358313454414
-3.996170669727577
-0.9847431491555475
-0.567928146271415
-1.2606859526856
0.2325077585081486
-1.4392918925378277
0.34027139560209896
-2.6067045734406706
-1.3396306118485466
0.31695827320294184
-1.0923425276819645
-0.8760140756497709
-0.6334624821844245
0.32414029358116014
0.09204999712844257
-1.3453447352581371
-0.029484844892837526
1.3038933469876641
0.6705167229019683
2.9689313956099066
-0.38746749536814684
-0.6111793117557114
3.677141073407081
-0.5229470714038953
2.3558011162263064
-1.508488456571009
0.7341454404176877
2.4795380444439257
-0.05208688425494899
-0.13003681776767453
-0.04221002758350005
2.4404000847254816
1.6595099587910074
1.4657375804782167
-0.7477200566559795
-0.07311781397428434
0.2704264582286311
-0.9315775571029941
-0.22579064039526017
1.6545876091518623
1.6581021549444201
-0.33284824835034915
-1.123291803676803
-0.6093583841848805
-2.0037954365374917
-1.7154396843047361
0.233177825744995
1.2821363548606413
2.755159315943063
0.1297219463427634
-2.5760060772538473
0.22684179694457282
-0.2300085318896884
0.770633544366894
1.355428607268065
0.946561375478109
3.629888144299544
2.51696184255277
-4.287544004727569
2.8486612102452784
-0.11760093915161715
1.0347208012640978
-0.2548374416766656
-0.22762557612205195
0.1296227622827764
1.3905919644772518
-0.7081363800526286
-0.7601146565309952
-2.2432164347295904
1.263681464271773
1.6667038703166321
-2.3104109231711507
-0.44482059696438037
2.6581035882676285
0.4386699849821018
-3.2603033870242535
-3.673909788575285
0.6126625288940336
0.7048552003953209
-2.2007593165846226
1.4485439122317958
0.31127676739373217
-0.7660875933215644
-0.7280441877880837
-0.9093647753008779
-0.007937804334966025
0.6061234744559081
0.371702549740177
2.139351190420458
-0.41371584991186916
-1.8389888111374009
1.8581025435711869
-0.21417339066406949
1.2931725936041385
0.28212382737328273
0.36279911696938427
-1.6206844105825717
2.1166453309119597
-2.091596491842753
0.9532846837127844
1.3655737627306028
1.603251845206582
-0.756617266911237
2.6145801132673623
-0.4100770990036531
-0.7085733706610727
-0.37456096214173656
0.7982806753557585
2.451485236677946
1.5507409329906627
2.2734461583515335
0.9151072688192248
-0.9539172165391007
-1.332123224043744
0.7193838528979819
-1.7392386083372806
-0.4198013265467769
0.8063993471055086
-1.0047488004846017
-0.2199281293772771
-1.8021706984122965
-1.64442265082447
-0.09871842669606765
0.8318043773183046
-0.9340387729041733
0.5843814233353589
2.1170203063909683
-0.9750696831289559
2.0349825355801343
-1.070874134547528
1.2898609061458075
-0.9050473536436587
1.7497443690271157
-0.012498201331502182
-0.0892183708691078
-1.8795157303729564
0.8604750119662716
-0.6497475890991538
2.9980797398195738
3.0064070718856364
3.129000900211788
0.08621347226085684
2.864365820790831
-1.3952652721348389
-2.613090593986433
-1.0405096389977655
-0.22123896524210113
-0.40967285403115017
-0.06463202345812209
0.8520593959371526
0.6740228915873134
1.7044124746060076
-2.648728557405258
0.3419449247396705
-1.8282500505076684
-2.746628660911355
-0.19643088524850758
1.4226107221373487
0.17581329586850647
1.7728811134186198
0.8557961591839084
-2.1310426425788975
-1.2571840166286603
-0.838822548871808
-1.3164724216984924
2.2957781611332964
-1.0504587188903265
0.051959409000510465
-0.5521354492841565
0.5413308527080484
1.3489922003894395
0.7519202923933093
0.21798838978189952
1.874226535077523
1.5173743986473376
2.891348430607612
0.5576776430229936
-1.0258716045549015
-1.3029790936754917
1.6990273789951436
1.5207993338097978
0.2111760526462533
1.3106916570175233
-0.03225741894691552
-1.204474168071076
-2.015615667682306
1.4352073803995866
-2.9678415038874753
0.995995189499624
1.3917693423975417
0.11738985335746682
-2.9522997767813943
-1.7802915634797878
-0.4200299303301964
-0.33571976390580016
-1.7997791092414062
0.2671030638270052
0.8967180991162023
-1.8783686528988004
-1.0794605815064404
-2.483599580985599
0.8134032954992594
3.1414710151293974
-3.2487687552548548
-2.2140408346245115
0.49937674893017014
2.3978265384800093
1.1739944399757205
0.7186702883502321
0.4927017900982046
2.069955200092419
0.3849354273895681
-2.1671974694030816
0.9181625684659046
1.4152308271626242
-0.5324566305947608
0.10052854750969785
-0.823254463958147
0.9218009812037196
-0.5763746117955846
1.465873338904829
0.5148129760707323
1.9302459343516738
2.6944438915456996
1.7887271479938736
0.19126980384771894
-1.246352570931848
0.43568673665043073
0.5042144540799963
-0.2732436041279832
-1.718554399795026
0.7938916132018264
0.6380458045384351
-1.0511414308360123
-1.4224798530776703
0.9120405858509693
0.6906515318812648
0.04996360627045747
-0.279124488985018
-2.323410054404641
-3.448437926449903
1.0112487045064091
-1.009574132713786
-0.7013602775925087
-0.0971628268361785
0.47919977789068546
1.346673412460396
0.6765954197849054
2.393571601037369
0.6251800889657112
0.7366990161161653
-4.50342936843796
-0.49087576899586066
1.1859771217787334
1.5772621778763778
0.8481097603356107
0.6908216524255292
0.45369769974526614
2.24452084420095
-0.37917208812646613
-0.7890106917768009
-0.6281308395483075
0.5153774515011591
2.5381110843397052
0.9502082439952101
-1.3561797296602316
-0.4716031349601316
0.8316711346959264
0.6780473780616207
0.9150079710661999
0.8599039084205471
-0.4334965466088278
-0.42562292596825907
-0.37600911553466876
1.9701215747210379
-0.5937822122504338
0.9320684277116049
-0.6992262291807414
2.0517621377020814
-0.12802414395057293
1.165163543476214
2.0917585962920615
2.7086922298030927
1.2479422266732412
-2.2387423409123377
-0.5105204942678939
0.3494139131598781
-1.7106628098041363
-1.626381155921762
1.695768119858811
1.7499948015413933
2.1031681910530096
0.3202429176267158
-1.008933551250727
-0.3264615935204129
0.4343303387243895
1.4020490318128238
0.2815556876919434
-1.8376416889874945
1.9289834255353893
-0.8679357821142212
-0.11991299675626786
1.0537825278425885
-0.47092845033589636
-1.9757800549040405
-1.0082406035854865
0.19999492052848203
2.004155421506231
-0.64190525640127
-1.9123822099528853
2.965251392264801
-0.504852876902588
-1.3246826522771677
-0.9040109002669792
3.539412067453614
4.258599946049842
0.3591311249019822
-0.06091801742294298
1.4580670554964288
-0.0175620165484291
-1.4589902671367083
-0.12308207530353445
0.8204609297205658
-0.6729253764347756
0.3277376090297741
0.7103953568493669
-1.1238758261688901
-1.030913223149915
-2.180309990595885
1.7098892196504771
1.2640488864697506
0.7000087438883486
-2.0111905234947933
-1.0074907046025183
1.1298551360081335
-0.9020766755440267
-1.5630797458636267
-1.279556798969765
0.4923939684885203
0.39604391927821214
0.2728999927865759
-0.9657929399801792
0.5030704330818604
0.3095307852543272
-2.6559390771753035
-0.5761561774283426
1.1050383115794051
0.8475432784606048
-1.5664139372391126
1.5028442897473373
1.7390150693092072
-0.7387807305169904
-1.3260871872876472
-1.728673323842781
0.7829867700266768
1.837324529467
2.4414969819194434
-0.5907300330040349
-0.33557866448347623
0.5567576963950911
-1.6585155269781158
0.8738342332163462
1.9169014336065089
2.0511043703121388
-0.9447904808180498
-0.5535144611733482
1.1515882955902523
1.2361065998805567
0.6060278249352128
-1.0505833273421137
0.40350029971323237
1.8585437535890275
0.3322090123620979
-1.0735250107894525
1.692901431239442
0.5391472167085621
-0.9109444936538676
0.8721603304565413
1.073362881347234
-2.313897195747946
-1.53146516651564
-1.479983913311151
0.9055650594764444
-0.6945421376197565
-0.7332589649409372
0.32246512729668925
2.279751732434081
-1.4933359517249278
-2.5004514687778334
-2.1207814925484203
-0.5346491484572714
-0.6602360585877107
-1.575730698985309
1.1933194234594848
1.6221122710407332
-2.555920107673858
-3.36017501373013
-0.660460297937671
0.054568030882382525
-2.350297779482865
0.5545390390722197
-0.4300259940145604
0.45234329655107386
-1.337777108648651
1.46851983107602
0.06703755073977744
0.10185761691801883
0.060297502183207626
-0.5304252318593493
0.23153032191836903
1.572017446779356
3.945470957725316
1.5727732319234897
-0.5314499549567212
0.982522844981832
2.2054349627371814
-0.8859693771065928
1.388527203324895
2.2461769680725814
3.5950327284787114
2.9894280139254126
1.2724576155780276
-1.1203420093743595
0.7272941701359075
-0.06962531636789276
-1.228927030021096
1.2055439477360517
-2.4811696687541165
-0.0582945311458003
0.5391570904417422
2.4295272115059956
-2.4659211525083347
-0.41540070971556925
-0.0435777720163106
-1.0455226183495885
-0.9029438151094025
0.4841903135310351
1.1625473150959211
0.37159815583478767
-1.8979966449845476
1.0252654432394346
-2.387960771605489
-2.9451678592189547
-1.088395248022291
-0.6540935039118748
0.5296614723049573
-1.0623287882634131
-0.818423122927808
-0.5031353594545851
-0.4996863101171322
-0.31728921995059833
0.8542888642734051
1.8426223564729187
0.5493250652768582
-1.3554487056123081
1.5682726949735257
2.81883855220175
1.8304528005137752
2.7567432601440967
0.42374846606648686
0.6254123082692479
0.07471086361984788
1.990901883217381
1.7131809682015442
3.6643470966510185
5.052838740115454
2.036208930553897
0.7879632210227222
-0.35282990462014324
1.0126098011612623
2.1563985774975922
0.128924498641933
-0.1910876561783918
0.8370399585461655
-2.366980903769184
-0.829027448288755
-1.7910913418164203
-1.0005886024002308
-0.8556271134850918
0.4824332930932318
0.2178478567208481
-0.8469540660786364
-0.8194957582607423
-1.6274145134982774
-2.2564452895571754
1.134580576461814
-0.4515109506086568
1.4783222518493782
0.9775292169860264
-0.13243464214995718
-2.333518489249461
0.9043118481950158
3.3740996591494166
-1.2962504578201455
0.15441107953572988
-0.8247513884285597
-2.680341634473598
-0.27357258225215064
1.4910053889631514
-2.3332518943564073
-0.5100509872815957
0.6816652976491735
1.1037832661882783
-0.7863331038032787
-1.2370388564683414
0.10507283713690606
-0.08018659063197911
-3.548300262751793
-3.4212643210380653
-0.543804798213637
2.4218086708386464
-0.14061483285388354
1.594538305584111
0.8259219251717989
1.3900259049519028
1.3181424104437185
-0.854331781045775
0.47256664247043323
3.149726052963659
-0.9215731754915378
0.9237458862963228
-1.5201623294259692
-1.724733775082252
1.0808066324795964
0.5116879710298737
0.5475508523734756
-0.1730467011569586
-2.35039853688761
-3.7942409349029673
-2.8072051919292127
-1.989808420491247
-0.8428022597318247
-0.1899495611372885
1.2015832663046497
1.33574949397287
2.0421952922066984
-1.436034738160794
2.9062180803317488
1.2260103403675466
-0.0635155412286878
2.053573931627531
-2.8773978920847956
2.488187896722423
0.23598715691370123
1.4637087628775793
1.0940570618296201
0.08110927168570947
2.1117934109621364
2.020319694496624
1.2059359202024766
0.5236627266018583
1.4659856126950344
0.6121855475561558
1.0360112727625372
2.3297380379625943
1.5387392842162269
0.14836973439496765
0.918760287319204
3.1344891059071456
1.02605607689411
0.4964044516067565
0.4681469672528273
0.8516969915056857
1.1466172969209174
1.3469120589137369
1.2509306828508113
-0.6848328360869492
-0.004820898460930002
-3.8033555632407112
-0.4686500184856066
-1.1614914022429754
-2.107131761115698
0.5358343784698998
-2.601752580653724
-0.13067743867336915
-0.01851994030380833
-2.6882250713314906
-1.6948280174108112
-0.07584609785271774
-1.741831066064571
-2.016031457276266
-1.2813728140199458
-0.7809254042324472
-0.8463187260018151
0.2443695485688838
1.6484156830587926
-0.5982239989394795
0.48128959583006525
-0.6529437126371415
0.3228766035952655
1.2071922732661378
-2.0290323450067422
1.1094002745845757
-2.8477896431324554
0.2976632360567304
1.2129587857754134
3.0019139529988945
-1.0949064354352842
-1.3216490151926814
-1.1689908408868332
1.4290620385147816
-0.7010516555388967
-0.4053471721777424
0.8034192505958913
0.83970578172683
-1.4963565135178465
0.3807975108145684
2.34140151932631
-2.0140943771234476
0.17783280950591232
-1.4751836112920487
-0.5147548369961359
-0.540033590803222
-1.9503429411148412
0.6221035784262724
1.4556168596893058
-0.38870399905590836
-1.6282372285080007
-0.20280645447653758
-2.9623868709447816
-2.7281523510310945
-1.9760732969754944
1.4488710864151255
-0.11531233282925404
0.7625470917011314
-0.35863555182242646
0.6638450275571048
1.2394173270137878
0.48760036063664164
-0.5475377405077928
-0.38183245549145906
1.0571513309049088
-0.1797215544353894
0.33000712009634015
0.45741982515848967
1.6750205239013163
0.8999976218926405
0.5921269749379846
-1.7610931191583896
1.3750904266835386
0.1318838442062049
0.396275053341811
-0.3089247281370169
-1.3201661154622202
-0.3151600618183426
-0.5938251167323375
0.35511784859130363
-0.5051693735731593
-2.796149729861704
-0.5723146180952492
-0.46382182602848143
-1.491313628801511
-1.9024173140130478
1.9612101502741717
-1.796011465325162
0.8903894781841849
2.289693356814864
0.6216222983380091
0.9200785655082984
0.13448975643367392
0.13059937314873715
-1.2153055923434601
-1.0112339501665888
0.7482712077293808
0.03883188472341114
-2.389797610144611
2.551913136302966
3.047368203957996
-0.06594765498724929
0.20973753912868173
-1.225088039965688
0.396661596235635
-2.0270924880212675
0.6105617113679661
1.523232892122194
-0.058516123475781084
-1.475338477317879
-0.469416718092286
-1.1487564182916343
-0.1443989764943765
0.746500865983899
0.9070457002359599
-0.8420528530123449
-0.14229003065435986
-1.3240531294526905
-2.9576285789982175
1.3597432894158783
-2.013852232420327
-0.5657087360859087
-0.7268366656849418
-1.9557104381917794
1.150539948785702
2.5394456375220344
-1.8893329896683058
0.3548655462674557
0.3875040503930988
2.598860690154511
1.7817745589842355
-1.0717859890968864
0.5480001003300783
-2.0236105605975863
0.47895004901937616
0.11150922359169325
1.795436489537997
2.422367034711318
2.226603713716277
-0.37207531039647346
0.6320126498288932
0.9229755059638747
2.7629954056363406
0.15073916646548519
0.702234389748761
1.9639417986133987
1.6101929956537846
-3.512177853488026
-1.7449847753909848
-1.042513754230759
0.051996241766081995
1.9259639705043867
-2.043762949022816
2.4968793491086476
-1.1653525908552973
-0.7775539838954766
1.4885557360062744
1.1858999861880497
0.09350259235710448
-0.45687024934878195
-0.6712853566109224
0.5382403185738192
0.21336304225061503
-1.4104245541183582
1.3374912561759877
0.6370699783784409
-0.02263812275033538
1.9807448408492019
-0.17893831502541438
-2.9875737904652424
-0.38329176726236297
1.0468994618869578
0.48469974305134306
-0.2733604180136942
0.4160264643950358
-0.8497974870544199
-0.3823351478240089
0.9640707018454644
3.358851709738615
0.40454639526728553
0.5707399238777885
0.9732434468154616
-0.5023358591136596
-1.2633581986161189
2.1228333415423752
2.1919986673585217
1.4248129014811735
2.520947152806604
0.6249108606892837
0.9891693408265715
-1.5757841101749641
-0.11068135670172675
-0.0718828252437803
-2.529801048802221
-0.04032657434843302
1.1019487975737021
-0.30266552660682366
1.0274610305941219
-1.225836029176192
0.32877191445891096
-0.27230333153480446
-0.14024486972169578
-3.3469775277338267
0.1593917224981513
1.4111764592929854
0.22141672470354304
-1.2378996526073927
0.41465113923915825
-2.369891861799022
-1.6718033902542688
-0.6971156834506973
-1.4533808569973
0.8204287994933784
1.0704501876442003
-0.06862535101318615
-0.6690742492823505
-0.35606079952750774
-2.83793901481564
-3.1336489260756646
-2.990817890201113
1.6131102579103276
-0.15302874258115537
-0.9534288254211333
0.07217051632134039
0.0930045973054447
-0.5614142509342541
-1.0804447398463077
1.224547823506831
-3.7907555308706855
1.122062037673666
1.3197812607740038
-1.816232514200018
0.6401483467704605
2.3831904095824004
0.9826029973980733
-1.1684103597455262
-1.6159740436613097
2.5366248847820856
0.12860963928414518
-1.7719235728385132
1.7260003122052197
3.0062252340520064
-1.2589442042005095
1.3873840649582763
3.1617340510179974
1.7735168164358444
-0.574940627944746
0.8173834153116041
1.5615781800978084
0.45681233870881116
0.8392121864444734
-1.0833366310063055
-0.5782404453027051
0.0724243870002813
-0.27036065331373654
1.5077744732765521
-0.05966150077116338
0.36121914483790496
-0.3911938698198151
-1.5882132195982612
-4.228418448823904
-2.8372267424538062
-2.680068943611937
0.9310168566730088
1.10765068598269
0.17913453206903726
0.5601503210120798
1.3594805142482793
-0.6658264043849439
-2.1785177031654155
1.0576658768181073
-1.0022954880902872
1.6597065741671504
1.113352532135195
-0.8781158750103095
0.7713644751854208
-0.39258465503891227
-0.46835146170960784
0.717982737785785
0.03137076379736245
-1.0248566138928272
1.4884747949368486
0.3265611117608598
0.12471414537101157
-0.7925805820171362
0.8843895907024383
0.17897697553088512
0.9457733992466757
-0.3957585373822328
-0.695186970450121
-0.9608686652839826
2.4572494975901193
1.3599272183126432
-0.17423640175178687
-0.29359611266536195
-0.11937413223065678
1.9167507982534389
-0.5425953265834306
1.2259369270656186
0.6131782344427948
0.37930475458884927
-1.6963697018960961
-1.149396076675516
2.953057736378654
0.7491052145500929
-0.40373488452513734
-0.35218409500813114
-3.1420564638875486
-0.9789289275863117
-0.491584433565435
1.9446558079223628
-0.41591754507288664
1.3867443104410455
-1.1158403323130393
-1.0635482277814583
-0.5116330292258954
-0.4972393110581073
-0.5694107449861215
1.4040903602278565
1.7972511101693212
0.2784903109040013
-2.1629910651034385
0.8879031545755414
-1.4712468489979693
-0.15280645935165957
0.20768878233106552
-1.2609812510210188
0.960862682999162
-2.9054670301860837
0.9598740257824878
-0.25864489036634536
0.3857405992648287
0.7836688648475689
-0.25980922563845893
-1.301040614075975
-0.11945986687557504
0.9109550792542574
-1.0315576502612505
1.2086571357412441
0.17759486138886435
-0.1590223850490421
-1.1786399379200656
-0.32938445270681477
-0.4249083328543905
-0.3160590833427857
0.9422288872755497
-1.3898999917513493
0.5824589175214526
0.2655460026980525
2.930850291764158
1.1017070357890275
-2.579399730511724
0.07556020821267058
-1.185912103409746
-0.19046130582379825
-0.4400434428228252
0.5675855086344668
-2.3861103212072403
1.5731670090601686
0.4355821867136218
-0.4577559677394815
-0.30210365445671
2.018222441363018
-3.017038353935847
-1.7274662304381703
0.9280318723558693
-2.303504174514418
-1.7827298467321562
1.1132836640000818
-0.20328099123459895
-0.0976960551794561
0.7188722731129257
0.9307125709040075
-1.5289142212477362
-0.4126718848822984
2.2753938555637205
-0.32558700021138687
0.21570612117717436
0.9499957159413931
-0.18259552497779538
0.5577281622859616
2.4493288970511418
-1.4337004778552587
0.16835610883395366
-0.7365867758829088
-0.748861921915969
2.1730307014576034
-1.2301545747068237
0.9444295205885297
-0.13163553132098246
0.30707753811993066
-0.07496150304634894
-1.962422359171027
-0.20481031146756185
0.672560207612639
0.3786336091346912
-2.258290710099461
-0.025334918899625004
-0.6834467134354186
0.26469942468337254
-0.8668476763637291
1.3222407483899066
-2.4841150829615275
0.8307683512239955
-2.270936756317372
0.20605419658641064
1.3033399933095577
0.19974229507574612
0.5182094252738985
-0.6312064250093243
-1.059838591565041
0.37308003867832007
-0.13596601675816242
0.03839654622816904
1.1720867832596027
-2.210538636423449
0.20947605945531578
-0.30697169917603695
-0.6560335273839366
-0.531493764876115
1.196448758515634
-0.7090397237384612
0.30779713124627
1.6756511176981597
0.6947556352139481
-1.7537910849514597
2.358771892067712
-0.5702579213236739
-0.1695318456063244
0.4221782117973429
0.2880323498178123
-0.4290783529474531
2.8760845331420213
0.7516392765864802
-0.8744938074975479
-1.7991806573320412
1.4270160965629126
-1.1629116744747712
0.3456657365497021
-0.9606626099968141
-1.3301779347792717
1.98022125910417
-1.7182116167125767
2.1725156931078704
1.2271952486181255
1.0687840307166974
0.6112862645111418
-0.08257438991693684
-0.9601533031051414
-3.184471737854498
0.6152061302157321
-3.8432022820962692
-0.37374388056373986
-0.16204301503472077
-0.4669873663565191
-0.1386957743967547
-0.8587213810016415
1.4411567755400028
0.18124405380237482
-0.2122838657529435
2.4956805419468524
-3.349469337123136
-2.1984346651317703
-0.6268498196628537
0.7562578543801445
-0.41248328223243336
-1.7660972885143427
-0.7874110396992485
1.4417531849014003
-0.24723687942120193
1.1323019845062219
-0.5461690457340409
1.1689381393580842
1.0402639365677473
0.08268508573579601
0.8248557850527642
-1.1973672989135191
1.1347418501269582
-2.1177714316890217
2.6537787238613895
1.4745590789406027
-0.497335426377737
0.1566307035878239
0.3556265745178317
-3.4360308132374513
0.8395399450630686
-0.6186787412262454
-1.4367860835685278
-3.3866623778314935
-0.9611877617203849
-0.6645079549031856
0.8064927726696658
0.8767722102501506
1.623037999030899
1.2906794064472435
0.5917128714481418
-0.8036220411784865
2.2341292605471637
-0.17323397902704546
-1.176637949605382
-0.5440364984054117
-1.0360557271270754
0.6535110917020482
-0.11408732750677246
2.8561120447659714
-0.6171246439556204
0.7390098039092083
-0.08252447043462233
-0.5562233550743891
-1.7577181855144144
-1.345158284443594
1.3124038806764906
1.4323873611481395
-3.8914669052391524
-2.995926199618168
-0.26111419688520776
-1.0946307791467327
-1.3124561457948092
1.1724283691190769
1.0954836053055987
-0.09245703256923679
0.9410729360684786
-1.2404805996178487
-2.8852218470260693
1.4834060060249379
-1.0443425286726398
-1.63003717033591
-1.2836408167928057
0.8050646739995836
-2.2901002744965018
-0.2658687763428296
0.5136356506768572
-0.9171399367348144
-0.0075836983457911716
0.614597633022905
-2.062340927444666
-0.5570130578228667
1.1266209517882493
-0.5629562909080275
-0.23329741984380087
-2.0955907414921917
1.5734411602098584
-1.201223345135824
-1.7787884286001303
-0.9460261987346646
-1.949467442744632
0.11781717712815715
0.7045528093497924
-1.0598635583758407
-2.5795369297779986
-2.113628281914924
2.346603506966975
1.1563516736436268
-2.5615437674903454
-0.2903857402614549
0.47907659165637756
-0.2539353390924672
-0.4888854820557759
1.2777313830469728
0.021545753459518296
-0.315376987513581
-0.45326441627278546
1.4241938134426355
0.6206750171918659
-0.55418711417036
0.9037737135792547
0.0418856094468407
1.055914010210068
-2.381867014045167
2.0608334996192594
1.0827899435827033
-0.3037933918948563
1.164237952260978
-1.6777408445056838
-0.3939486772492915
-0.6850752838024364
-0.7696692056139838
0.897851002869356
-0.646281152976982
-0.10924281567823756
0.054419663521590105
-1.272429814188809
-0.6227088391541087
-1.2070935919847314
0.08264715135686394
0.9762936537405014
-0.5505604211560892
0.0841735166444848
0.5113592764671198
0.9684645959442243
0.33043941474635047
2.132654093344618
-0.0018347302216921101
0.3345270858782022
0.3600727724149218
-0.1459572051903949
0.08845517974060833
0.35025374003421084
0.06444301941211496
0.17308740248375926
1.0883730924520547
0.47757067007505416
1.8371140631455034
-0.24415414009092762
1.1218040132935336
0.31959788727394156
1.194278793795184
0.14486479558286242
-0.6886605574648764
0.8551543388233005
2.9120152464893865
-3.051282594059511
-1.941965905983029
0.7080529690209347
-0.9744699908621309
1.2545424728678254
1.6360656569781389
-0.020715421330887225
-2.8726539234003945
-0.8386108575429964
-0.872445833538324
0.4131965041804071
-1.9201509220698731
-0.8500365494828167
-1.6222308115850839
-0.8672370149095671
-0.3703235507888499
-2.707686065538665
-2.1793275171202646
2.1950847775831432
1.3297389761125418
-0.3057779087344033
-0.010380757195898248
-2.109321036595514
-0.6882162459244631
-0.5420783573244273
-1.9586343418167425
-3.7346281426747114
0.9656910352201846
-0.07771616838562606
0.28495400483927674
-0.833602202160671
0.658934054398549
0.4225101702568131
2.5709937902638167
0.5243075947785306
0.6180111790534694
-0.6646452986442147
0.9628156676199419
-0.21578798286005016
-1.818112416312979
-0.4928748271844784
-1.0606086342053123
1.7785270362358927
1.0647236842277708
0.0709548897747255
-0.6379759423066426
-0.24416759154042408
-0.6139199128555074
-1.6889113335265125
0.364465902611579
-1.2150103558562235
0.9869153566420292
0.8723118596179787
-1.5054070912279196
1.368163633169091
0.41770498236406883
-1.0106342794960679
-1.8752466083214252
-0.8604318349734655
-1.5263557495558524
1.69382614510886
2.1383672787799415
-2.2395579278608206
-1.4053763447602512
0.7450106544497926
0.3789400424883998
-0.5458751934179764
-1.3206436205765903
0.3903217912165128
-0.14176739606070138
2.6162541454491537
-2.158755692306737
-2.640987026871995
-1.1240821836142239
-2.353183537321586
-0.8593087707453096
0.042151756451142816
-2.1052647046820505
-1.319587910265091
-1.84371403091138
0.7918263899752714
-1.06710397868232
0.24492026888057256
0.6813387054689016
-0.7715236988281629
-1.1855402588401227
0.9201816863105767
1.2190653618112284
-0.5986943723773502
-0.13562069236430482
0.7179954267766356
-0.7556499118598042
0.21273318545646488
0.9450455074252871
0.14796346952330877
0.5105812955024571
0.6938287115552412
2.597846123290489
-1.0537357310488829
0.7384265632949021
0.59106336933531
1.0870202840494554
-0.21128352474388165
0.0016926618882127415
-1.0299645113510156
-1.036531882135397
-0.1774582078961238
0.4665824885158143
-0.937802328718769
1.101100084862249
-1.5937014097974957
1.4380897810870894
-1.417386153040956
0.2561239701378501
0.9461116450166508
0.6522269552959827
1.0542712288282317
-1.3974493712512182
-0.49277699274038733
-0.5391393694241364
1.5490358913399258
1.7179868008297952
-1.586307431571165
-0.6711633127947996
1.529125312991839
1.4781671414804778
-1.363949275258104
0.19614718857855282
1.3241714420362256
1.0332740628699566
-0.9626134978400906
-1.290487392118487
-1.9210979550611953
-0.04664528071749559
-0.21142984397957237
-0.6656100710032021
-1.7179418137593103
0.6005447471008163
0.40473151406282926
2.369762984589291
0.930807115689774
-2.5631057486288573
0.819034789446951
1.5162982907425813
0.5949433845143488
-2.3398153951468372
1.0469343624532472
2.274234076289265
0.3263106508669769
-0.14912630808355692
0.8325479637536164
-0.7721460105345611
-0.3302916662058389
0.5011718776461322
0.9883962227331897
-2.0199183064623427
0.2112854763671577
-1.0961935682231296
-1.9145587987354267
-1.3022011562913551
0.2991143239031606
-0.5793296254870733
-0.36204164762502034
1.064493744237403
1.3278607698895775
-0.8942528319309223
1.5187163461268718
-1.5407110664931927
0.8060431430764828
-0.039627044064847544
0.9613016375106122
-0.7781405704880978
-2.2030498873293856
-1.8775947302374103
-1.246903152568382
-0.7084331159636896
0.9301020518528602
1.7799123752644437
0.8034449871174759
-1.3441158877830028
1.2335549603164664
1.6816271873677862
-0.7009324540523483
-1.0031535541854055
-1.1200449897768896
-0.1663773495139976
-1.633250245579328
-0.23114987800927683
-0.7163580061614417
-2.1543669870147437
0.2699146615447502
-1.8457126809239819
-2.4049975683329534
-1.0861038260657332
-2.605173712578339
1.0182019456439761
-0.08089447344377686
1.2568142995214644
0.8506340043554254
-4.414134513639378
0.023340597426652083
-0.24327488022176919
-0.863779721999237
0.3515036082476243
-1.7775929383339562
1.5764641240589388
0.5482581097918233
-0.5748071663020401
-1.2026258346828675
-1.818326105118107
4.016137592281598
1.9424089666304492
-0.14978422190210808
-0.41299782760194514
-0.33329764569632664
-0.6945303450608813
0.08548732066363704
-1.7051826950557967
0.5895169914098151
-0.9743626503425262
1.7562948215662668
0.00665621113988269
0.23791173769666296
1.0811669098834504
-0.5648239820012605
0.7479248184225005
0.7114108543573492
-0.49780084391369694
1.430126178184478
-1.2424276594415524
0.25757233278063524
0.632093787863187
1.2947665214694908
0.23993748842563206
-0.10848678757852895
1.966239758289518
0.5954295302628835
0.027169105408231004
0.12160965274483038
-1.3694039805476064
-0.2722698565906468
1.0093429861260206
0.26776071409796964
0.5249260042642776
-0.6251657117372602
-0.3122815136347356
1.6213588473122331
0.04747921255830245
0.9576907124823015
-0.8662394418276489
1.1022170421581718
-1.6301745819301763
1.73140734034627
-0.5261601398715785
-0.3728009764016379
1.7644317133985084
0.03720533872721495
0.6710811497799987
0.8979866789396976
1.0453189649356358
-0.09518058766334839
0.9631067254328017
-0.5109283345286997
-1.0554365975000437
-0.1722349238456644
-0.6533258105126992
1.3331304774664285
0.4495865074676101
-0.5906603642148399
-0.9825037638155315
0.2200038525870719
0.15511485542861933
-1.3259368829497358
-0.6065711906521748
-0.05934078595267472
0.5341884780462881
1.7581133978846313
0.9555732291129367
-0.0237298043720991
0.1446310523369549
-0.13571217857282164
0.18962142422349437
0.5975002791357731
0.8049410861869214
1.014045720551683
-0.9617516692050029
0.41317664420834094
-1.5036588322711582
1.623833360528102
0.836420559378821
-0.9958925404325625
-0.2500395109170402
1.6522311270167322
0.36044445975120254
0.5061877084629369
0.8227235320267846
-0.7950548749765926
0.8370557659618932
-2.4145836936425953
0.801771075148491
-1.3725667461965678
-1.1031285063211027
1.6449529739606155
-2.8477863152484
-0.3087006492796988
-1.0579129924772752
0.3847055092061604
0.6750429987964429
1.0495365570879633
-0.9018317026560018
0.20515482289930695
-1.6360095183085193
0.9378046334281386
1.684870440576829
1.746243178914989
0.034326718843971045
0.14862996603341788
0.3514334280272846
0.6650287282104588
1.9150192002262618
-1.2685089771868947
0.9118171403714685
-1.7329786571394914
-1.5963202450700935
-1.6011398145451043
0.0943387831320398
0.4134743714777724
-0.5905794729207905
-0.9985280343422951
-0.8400985750246919
-1.9501867331535438
-1.5203099701073137
-0.10517019425819532
-1.677881301542142
1.303206599549704
0.2896514861587984
-0.273798359324861
0.07503014657411025
-1.0313874101722107
-2.2120719906396276
1.4419610573953718
-0.4192544641678121
0.804217715672886
0.05624261766362899
0.05562461491875641
-0.4723822659217457
-0.5819925158448941
0.43478714351885955
-0.7319841072590827
0.7399139109727445
0.3578062084412184
-0.6026836129736548
0.24389440920951116
-1.2895612509573668
-0.8502588038391472
-0.04740809297927932
-0.5033150827087736
1.5949168398343996
-0.925639820308064
-1.0284639132452726
0.002323625536728772
0.2859010051935498
-0.2941481001495661
-0.7883422788813685
0.3783780210159242
-0.03150284105303646
-0.08564079972347416
-1.450590887543277
0.04807426466466729
-0.5929723358444264
0.20285469509770085
-0.07789303750392679
-0.8270032081757561
-2.1073004819560435
-0.5810400873829878
-0.1602328430707598
-0.28679042684542766
1.6402596185908405
-1.9152343916323096
-1.994553922660205
-1.025800953357256
-0.8723469319655572
-0.596544264776526
-0.2580100816213262
-0.18622639449541498
0.15997875635493175
0.10824758939439279
-0.40390036329173445
0.7389374442474818
0.4697398359814378
-0.5739337612471546
-1.885136866493064
-1.7948263270155855
1.0059024173447095
-1.115464990885823
-0.056877422137223875
1.0210351021095574
-1.329896687709498
0.7759389512512234
0.5630577990145816
-1.6394110997976932
-0.4418081976054547
0.06860609687763906
-0.017594914246795212
-1.1997124455077472
0.6416288450589351
-1.7234060673376246
0.437686693256538
-0.2663339234775807
-0.6471260437695463
-0.7692554857408613
0.1126759011737549
-0.2487788069647528
-0.9662734174800492
-0.1614107570132847
-0.23674428757046811
-0.19488208680003785
-1.136756423301103
-0.2195151623549448
0.7732621388106129
-1.8137623909183709
-2.1116699690259617
0.474491724109704
-1.2153095257705073
0.15873353014576339
1.9913897200139445
-0.8820679472692455
-0.3310760271295703
0.4990850478051486
1.0273929682400662
-0.07746869544603495
0.571928325770021
-0.40208817696392024
-1.2170065650383204
-2.2008701265319632
-0.26686439380362575
0.7722259168489968
0.5172789815730403
-0.18080273884098105
-1.5594031117481393
-0.694564010106315
-0.8155497714408588
0.10741608800563265
-1.0345450448262696
-0.20192613582230393
-0.6471563930853207
-1.143130460321083
-0.9481832513598275
0.5295924081925218
0.07976297854053985
-1.9227537557556078
0.7107024136649898
-0.5291626992327246
1.0632663595977427
-1.7630273873936928
-0.8054681648597483
-0.023584001789890605
0.28739771305058565
0.030314214247781707
-1.5029194234456182
0.1665550661548972
-1.4409165831571515
-0.6086443104947051
0.5339682474636174
-0.7984082679886388
-1.3657895492187526
-1.0983008919065327
-1.3468465575718498
-0.06074335173903519
0.8558783401352085
-0.6673407333717084
-1.1356330148503095
2.04303289522075
0.7015999549912331
-0.5461993640748335
-0.5921352163877485
-0.6047491547707081
-1.4241007300651773
-1.0181475553894381
-1.2081188393434077
-0.9644084572473614
-0.5968493525427031
-0.057674402079797044
0.4037860840747078
-0.9647759104702754
-0.001453335792598744
-1.482000969672092
1.0887707328157616
-1.9989554043857964
-0.5256105707089055
-0.7709882521845391
-0.893886068571774
-0.9839972823750894
-1.5439025871233705
-2.442082453944795
-0.52204527265172
0.3910510434405204
-0.2117694087338895
-0.5567316226289051
-1.1213063789582078
-2.8920015165146955
1.1215999605201052
-1.4446248098385077
-0.9390157848931973
1.3488547219621203
-0.007291668196705117
-0.7769840164857691
-0.028814964233737063
-3.201476711548584
-0.2823969259732962
-0.5082998488992473
0.559401504801424
1.1893999928022294
-0.7801495010173413
0.35413636436563894
-0.4798783747479967
0.2755021920105792
-0.05673068820475444
0.3669838082843097
-0.5646119183370816
-0.06569497740315007
-0.23649268155652844
-0.2778362897699969
0.12550662956439285
0.11055969047812307
-0.29368969221409025
-0.717955318447416
-0.30448307790230816
-0.34494961062153734
0.4997283806405976
0.042484367109215
-0.4961010569368736
-1.966024475760683
-0.4035340883014632
-0.03524738078718793
0.41898997056539794
-0.15419876930691678
-1.6536475385577012
-0.8840479074464433
-0.13482922994347996
0.14027782651162068
0.35952072738840896
0.10127162079087365
-0.6501590558278663
-0.6504041058446011
0.6152652045959583
-0.4246687064411965
0.08451815226206712
-0.12162356524886941
0.42016764587654515
-1.9433350628957753
-0.029109177728296024
0.028216718614515874
0.1855096289920673
0.800787676368467
-1.1337015664068144
-0.13585178562893113
0.4403918370101785
0.8957446115303555
0.2790912403286059
-1.0516982802514792
0.06390397760615421
-1.4921030173648762
-1.9321677183891637
-1.250818163109958
-1.5788323731796097
-0.24308562849935567
BIASES:--------------------
-0.14413438618749944
-1.8490733494586928
-0.34216462185258995
-0.6348809838306779
-0.5254229858837243
-1.153681367218991
-0.40285074611062305
1.2636483526076874
-1.4558702880196637
-0.7971345033992053
-0.27660325350439685
0.881126709791102
-0.3986612988089667
-1.671400382839302
-1.0129271892215244
-1.0077872915633388
-1.3520649295587495
-0.12774691014313844
-0.5685568470845836
-2.4437591373664294
-0.09253713743599143
1.2316141855849128
-0.7034605846874342
2.4013845557612754
-0.17766175797862438
0.6491806372329443
-1.6934339912214529
-0.27219992350971156
-0.6593440655208574
0.2354466468126611
-1.80825397626912
-0.5400381890639782
-1.1358689652010987
-0.9802272915039925
-0.6222139820064232
-0.5147296470001212
1.88924426132178
0.09592297892136825
-0.182404055308704
0.25923861713441604
-0.6641699458475402
-0.9069148302030378
0.6052698158000321
-0.7700246325659807
-1.351972681608976
-1.9702865191055883
-0.07135049880713028
-0.3944514691104171
0.34208287523837755
0.7858765165223547
-1.0956822108251825
-1.5245380218630284
-2.591869444450951
-1.1334244775736573
-0.699773176197569
-1.1253842351436913
-2.2447671910676767
-1.8164276193506355
-0.02393445064555155
-0.39584815420176117
