LAYER_SIZES :: (4, 5, 5, 3)
ACT FUNC :: SOFT PLUS
USE LAST ACTIVATION :: False
WEIGHTS ::
-840.4514778790748
-518.08114207665
-913.2526329688355
-1264.0726402078778
-23.24321024948107
20.55236488922903
-30.112865999497664
-25.44629354796703
-161.97366120228094
-66.18231629395072
-174.84190376133526
-235.96780000312532
-227.14789668248324
-118.61448173166029
-247.0345627903067
-347.25739028470275
-370.18402727860484
-194.94050303411336
-404.30286458030224
-562.5551145696777
-152.22196946328577
-9.925917891003122
-57.846091447795935
-70.00619625118402
-89.75717722515799
-18.69843180502268
-6.7882313851818035
-16.259996946133487
-15.639813081946345
-18.753867444158743
-1.105149524373261
-26.56597274769256
-1.1467597911742218
0.529395723715827
1.4370712160336345
-2.5742805510221323
11.640692741644115
-0.7791843942825538
-4.175442687214286
0.0011093538143265372
-132.96218716749988
25.13454446736648
-31.83901321456789
-39.378280638859735
-55.808937041357964
-0.45696313302081215
-2.0076772701635366
-4.298037312042547
2.3057348272117064
0.5929731618575879
-1.1602913930334025
-1.318618890202737
0.6449548367323144
-0.9716668982469103
-5.195839697891307
2.248309160176164
0.12555405947819545
0.07884678720768985
-0.2507990115451263
-1.578225412799695
BIAS ::
210.72978183127924
-19.100865859816814
7.236522562647483
38.875560271397326
54.39128589650925
-1.511715462304945
-0.2053795858735768
-3.027011465771815
-5.317863550597159
-4.936910932726467
-1.4453255836672827
1.885739220645479
1.101558390162658
