LAYER_SIZES :: (64, 20, 20, 3)
ACT FUNC :: SOFT PLUS
USE LAST ACTIVATION :: False
WEIGHTS ::
-1.7079762244393104
-692.7176501014642
-889.805692350289
-833.5626712275023
177.92197406669285
562.3804120483958
542.1439949095052
-2.6756965761454
-75.18471264022318
-904.4375830517481
-462.3512120970384
-178.12326889230997
111.54860262446832
943.4565571977175
373.426793608419
-0.5928145917544773
-96.31120232650993
-139.80505811053092
932.3583196920957
473.9360548354166
-502.9109325569094
955.6215514196894
660.4193175755486
-3.1264324494370253
-65.99276052018816
1176.235790547429
1672.866359077821
163.27403937221865
-800.3943380847761
913.1730252947962
938.6399714901269
-0.5354929063558219
-0.1279350745501281
1339.1428902335408
1329.6374727872862
-702.3028636968199
-803.289357065954
1182.4218851042929
1140.3542507144589
-1.3857904836859913
1.1246599613877137
434.5315703447292
462.8447652157814
-1170.606110146836
-289.59006199231874
1411.975223043307
785.5414307367502
-157.35812515020592
-108.1107103303433
-393.3958295632126
-296.051533429717
-1151.7757206944445
-152.52750438937485
585.6048322779827
-861.933605962007
-420.3252864621307
-109.5752486542357
-627.9772648956435
-921.9548054309007
-742.7891837588659
-185.44054619892773
-628.8562612000898
-1092.261429051642
-532.5808106913083
-3.462682218214853
-614.7162473006722
-1011.1151347323367
-1345.2988289005891
70.31663803181632
987.0113904364439
932.2216210030907
0.5393262880425298
-67.95886651112392
-953.9786410420011
-1259.7882662310642
-265.5296595240631
391.3144194193944
686.7418651328359
483.75861258693953
-1.6652630949518656
-85.00351405290937
-517.3808774355514
248.37965698645456
1372.3777017170157
589.6469645487967
439.3167930880782
13.255134090458341
-0.6326615941433098
-56.941565358884425
636.8905957552906
1418.652047579741
1297.1299146203855
339.37403667675994
604.3540669904985
-81.24216235818128
-1.7688284249338462
-1.1588315618612903
540.3180820198692
967.2299336407245
228.58290362182876
303.8190731435673
909.3149069126725
88.82514081181353
1.6626219105056141
-2.327705074678599
-453.8549593590992
-318.13026475584934
-473.7743221818052
783.2954756351307
986.7604090095471
-106.9032934544834
-144.2636949451166
-110.69391035326144
-648.3409527934825
-1090.7751710826642
-1071.4177637911826
274.584553425591
66.98737394338187
-839.026181506336
-118.71155120114115
-113.31218106471805
-552.2717379565005
-1051.7052162142193
-1336.4812026479724
-284.2423771139176
-295.5158625214885
-793.9842538286948
-282.81187261907473
-3.8745597593976813
-611.7288848646036
-1031.7878867900035
-1537.3487538504294
25.670395926214514
1179.9829278604802
1114.546391055717
-0.24338852167314706
-68.7233321411068
-1004.1831383905048
-1509.0011950176918
-335.5387997452676
425.68702157424735
638.6330489918349
576.3138131396842
-0.025212876862598654
-86.80753394286327
-617.0111979365347
11.163026381447807
1646.4363567222686
944.9056003086494
275.779062968766
-142.16112641204035
-0.0066551874120992505
-58.304581335604524
499.69923680876565
1327.9989354286824
1672.1262250933892
724.3815283683022
482.30039606907565
-380.9599125472879
-0.5911541523084745
-0.8922652961295753
316.3892237536118
836.5635976322556
532.5610700648481
692.8515726774224
789.0315142512262
-233.5905754677997
-1.9385241828994064
0.6396704947022038
-679.4400990080917
-585.7857675516183
-282.4426314299429
1143.0301932288446
820.0086595884534
-377.4983527742336
-153.9370392658197
-135.7545187287659
-728.774767632557
-1340.6196933227654
-1099.2879938602105
386.57110250490604
-103.17972315084792
-843.0400100216623
-33.30632156053457
-138.19177604263734
-549.6349820977492
-1091.6522932465914
-1512.8631394208953
-300.727222561046
-181.81988291969213
-695.174440325322
-186.50814649155907
-1.0499937579014433
-626.9113213795025
-1053.0818860685977
-1560.9714420657012
23.793451943809156
1194.8052125246938
1127.6186517781923
-0.5909479225755473
-70.33743307876469
-1029.9364335202015
-1544.2831115284025
-330.77328579163253
430.8975184310475
646.6389317416907
577.2940102018059
-0.7790473585556565
-89.28272450733664
-630.559980820757
13.40010046502671
1685.1988417744951
958.5745190729835
278.204970079467
-149.38805621535775
-1.6567151430038778
-62.67503219994731
511.43758356342687
1359.1313838111741
1711.0464732601629
732.3516698740664
489.1784854748655
-384.0732044756718
-0.392923038199564
-1.7468309662362915
329.2485486501834
858.2134768348741
544.039859164006
695.9368386093633
807.3159351374775
-231.44750558526334
-0.350925223795594
-1.7174803811093784
-698.9736631113606
-596.4768250277651
-290.4715285047284
1158.9178669224416
850.0732476529747
-379.02925628603344
-156.81685426352473
-148.2203742168107
-746.3827097742056
-1363.7498728328583
-1120.648946574561
390.69162026638435
-99.44837414412747
-861.0772863475909
-32.45532168005838
-148.17142922734098
-566.2696348693111
-1110.9517196135273
-1539.7443545220651
-312.9372203219114
-195.65142776327664
-713.6302949077673
-186.7587425676576
-0.44272428890735194
-605.6630322561158
-1032.4555447131706
-1573.717716581746
26.563816534921443
1226.5689242275198
1160.1149375571738
-1.461982521829451
-67.06969295517797
-1010.9843928926687
-1577.2999647148856
-347.1208388257612
448.06372811075784
625.0535720491683
600.1008938712789
-1.432600220074833
-89.19019197777442
-653.4625625050043
-67.992791146131
1716.9322198803466
1046.9791052313878
223.69318750808804
-183.12203190875255
1.4004407894447386
-58.890587448256206
452.8904849722384
1295.5590244808993
1771.0227648030507
830.1643372901032
447.56070448702627
-464.4896297632813
-1.3373370883027387
0.20123824340699925
253.94752861198077
803.281346152266
622.7086562176584
796.4539949516387
749.688829296589
-322.12654484821593
-2.6638279500402158
-1.292061981466203
-732.6763294984928
-648.4504846374127
-224.79043193277838
1230.5178284102683
771.2162660836977
-451.9129227668921
-152.60848515520505
-145.42198305913243
-738.277017077577
-1398.2163616935245
-1106.7579880139563
420.6399500952727
-152.14725355392184
-838.263128752337
-3.094624206085086
-142.8354182637353
-547.9610144298719
-1094.133771362984
-1554.9239356622918
-308.0462250449689
-158.34451966351935
-672.9543540725139
-164.65820859744085
-1.6238505084710273
-734.2619811731628
-975.2677718698064
-988.5368735569195
181.60796090811695
694.8126720614158
669.2937987080351
-0.6425044691726369
-81.35330091154474
-984.6169237065883
-626.9620437460035
-233.70660848383756
181.33210918375792
994.6992176958094
423.5757967957615
-1.6442246640322562
-102.65664585585336
-208.43065977237225
895.6564962840946
657.3239937379586
-335.049750673002
950.461954918214
598.8625377852566
-0.6833162020487096
-71.48455672710408
1191.4056182185707
1767.107061594592
383.3812350994892
-656.5283810947677
943.0466488065123
841.7662563418511
-0.9122259284216352
-0.6024307200370621
1316.1984462928979
1360.9180821764007
-608.6956783759264
-672.3679796935933
1245.6622920543375
1058.3722467132147
0.1521872748327313
-1.320300383339844
285.6505544721586
330.9619731911342
-1166.6654128704247
-106.53812603041425
1466.1429064330453
701.0141359932989
-166.95542131601908
-122.73187899866757
-472.64100137701473
-467.3194422661851
-1262.189742743496
-110.2231900946982
547.8290240561572
-917.0170539941423
-403.652747537463
-125.16135881375872
-662.4476477527743
-1009.952586619662
-910.1161002059877
-229.8647686700634
-619.468634195428
-1127.496756294058
-536.3354390793902
-1.182227301582226
-636.188609515805
-1045.967173227259
-1479.3401116409943
22.811038423100563
1101.1988431682057
1042.6257367324126
-2.1919669990861763
-68.79921085476272
-1020.5002469878685
-1422.2864197258352
-301.601325271232
389.0078339742652
671.8456736477082
532.6312367355672
-0.4577432186569933
-88.24582269814367
-574.1816774942888
148.02870012503402
1553.6757454423673
759.4621224870178
359.1828985153617
-60.20725573943308
-3.2493913557308414
-61.54047721652965
595.9891152024645
1434.1864840712503
1527.0852553127088
515.9984809752566
554.4951900221557
-222.41883354240346
-1.5749150540964163
-0.6053651116508538
462.4262427393197
938.1736852518454
380.3447418967092
482.89358916413534
879.7682775793385
-49.813470790221686
-2.228727354219714
-1.5807950160829862
-574.5716280244634
-462.03073089514055
-410.9281735997709
974.7467067162099
950.5074109090249
-231.80485744117505
-162.056988341972
-139.20684869766137
-716.2641438213021
-1238.6380156528573
-1121.7451432517664
337.3068449405062
-5.587035937897444
-864.281565496124
-71.81552273614543
-138.4280354809379
-579.197518662007
-1098.613101523751
-1456.9044749787495
-300.9057743990187
-239.31715742472042
-757.4600718833764
-210.06634591598876
-2.135064660594124
-619.1285979967267
-1008.159232066351
-1399.7673010319647
38.3944467696567
1034.1346292151823
971.671388960236
-1.7429949297822969
-69.13859992733296
-980.7141360600164
-1338.6201754008641
-273.4891106924162
383.6540392441379
655.2861454612837
499.29009444125165
-0.39088328738834444
-86.01300852759638
-540.3236303265654
171.6662210935284
1462.743676029558
683.2771790745841
368.1221224011765
-38.37637774822497
-1.6005132968065188
-57.741221067771264
598.8989875027507
1393.854612306533
1416.1805431211606
449.10032169379286
548.2775285005949
-173.00525623082044
-1.037242617111971
-1.7250174726961551
482.9848475915212
929.5494478583324
324.75781508210514
412.64885803544627
862.3766367475209
-3.4023103845283043
-2.193553380853409
-1.8190172835441871
-520.523067426493
-403.82475145529884
-429.02497180793097
885.8990524864693
938.8571402206527
-187.39333963258014
-146.73311850706685
-105.63045058021505
-665.6604343336398
-1153.9052901801986
-1084.9981322070394
302.4475974643448
18.277735991804956
-841.3441250616657
-76.16699842342861
-106.08347409300741
-554.6864536280743
-1054.7188416272554
-1377.2349490234242
-284.6599893393209
-257.8801714971464
-760.3376861716496
-224.58013276616313
0.019039947059907636
-615.965870185239
-1059.9670537156771
-1601.7761710164582
23.38433624910557
1242.653983451861
1174.1913621293377
-0.6361758858786754
-69.11253882749784
-1030.7800944840942
-1617.8489348157718
-343.6596373004893
454.511483913104
628.1073302964239
605.2908382022983
-2.521132161966775
-88.71070214962413
-665.701337286848
-77.20462284722801
1761.20088724367
1070.1832512464475
219.42936475135096
-191.39324645338985
-1.6131110439194412
-58.7522236153532
459.39054379012117
1322.4711108495512
1817.9873764770678
852.9311877192166
444.9111737949717
-474.72502194336715
-0.44804004500074357
-1.5071885702130308
251.79540884583275
819.1484562724736
639.2380055265019
814.3425124940136
763.4075361020681
-331.4417008308284
0.35471797238917935
0.30924476091619435
-755.645219734349
-664.1481675687679
-226.5879895008496
1255.4017864264788
794.857646199318
-468.7564392246842
-154.40972634490012
-143.27981120692726
-757.6344265454952
-1426.073707132993
-1117.85505698012
427.94490506198156
-154.66268798645737
-856.6237714566463
1.5249988865894128
-145.3085320118405
-554.7136574089583
-1117.6457558305526
-1577.203332609066
-309.11753493916206
-175.02183650109689
-690.0296420873035
-155.88376409360598
-2.0279407704095664
-615.1839872493555
-1018.6460347290237
-1477.856498815977
25.742975744255062
1118.8254878346784
1056.3475779357366
-2.2599199220473682
-67.20506611643454
-995.4774293646453
-1424.9596537317561
-317.9183192660829
394.24545437642786
651.0331797657507
543.29135525387
-0.4775060831283018
-85.75195744350997
-581.9957099584514
87.95236551398605
1550.5421185983525
815.9480906189044
324.7233496393423
-92.39013313950066
-0.44793179282555284
-58.74303580925969
545.2277356075512
1353.5550592575585
1543.6455926889648
588.7497573394842
516.2532309991329
-277.6682857487567
-0.2517983618056391
-0.07290545471919885
398.1829147503031
874.8676113487743
428.39131608542147
557.3154188926782
827.1456617551323
-120.91647644320575
-0.7554003263933862
-0.2414348823613659
-598.6027252488643
-504.9397821014439
-355.23110288916234
1018.5616948737863
879.071680006965
-285.32630034461255
-151.65499121958004
-143.07533973069272
-701.7795565999415
-1255.8468867691174
-1099.0917596398888
348.3558846658786
-38.40683988005401
-833.9358412244129
-51.35827969155483
-142.03638669347697
-554.2188549520349
-1072.6159016532315
-1458.4133647016827
-295.80263893815976
-202.6523887932279
-712.6451306683541
-195.17332646571683
-0.2610208698622435
-574.5683014129762
-678.9359597444505
-468.47756598627063
136.05653452916587
254.19493039312994
254.93110234495708
-2.0780911445008305
-64.01221091394119
-704.4381269242097
-107.44141561758458
-54.29724847714796
-18.354582969638738
797.6235245645682
240.39371480193654
-1.2820194268780505
-82.26216475287357
-7.323668902387046
995.8753853739676
115.17673999521476
-791.9460684443836
913.6637746942059
707.6869596704634
-0.6996567021570644
-55.086759418755804
1096.5624665079913
1436.3821379653205
-237.11454290023622
-1049.7237318146454
812.1301664843155
1072.3982575243444
0.3067415632780286
-1.757269214556423
1314.0315952722888
1203.1308035993088
-857.8722729206306
-1026.8783526647278
1014.8700832407937
1254.8024623389404
-0.13057589725220897
-0.6563626081353977
639.9933967471682
667.9898759133036
-1145.1988279187162
-621.3607279400803
1262.6224946276748
921.9780782537487
-128.53161915632498
-99.33621580731112
-236.07470836227668
56.27321783216251
-897.2396819873412
-247.23862370865933
641.2353951519831
-698.1827314192025
-421.86848236670204
-100.59246948646911
-524.6432828951613
-700.0703681728966
-373.3911179673658
-95.23239682910679
-617.000801836401
-962.2566351042879
-503.4163316100017
-1.785548352439473
-631.5335070957689
-1050.8010517105772
-1559.9261645988659
21.93197009786723
1190.7057528167995
1121.7116871957785
0.3604332118279021
-70.6409602411749
-1030.1376698410338
-1533.6201548891577
-334.29320386144803
431.5435161241546
650.7794987656923
572.0829770933888
-0.3534645865859375
-88.48694020504065
-625.218704407951
22.379588559977215
1674.6773249912562
945.5391376299547
283.37394188214375
-147.1836251432531
-1.7421381079305527
-60.03970896887517
520.3126049825205
1368.7253331167726
1700.1755241471017
715.0469073165103
492.8031113700815
-375.67124844406925
-1.2971624418022565
-1.4004030709862119
342.0377153564584
865.0076244088032
530.5457944997585
681.8323296184147
811.2157371820581
-213.90346816337882
1.0080071293925257
-0.2489554658040568
-688.3079515807619
-588.0002234899439
-301.42597788594276
1149.3185669284887
857.1781216214994
-366.3079955551531
-154.76908518362595
-150.1335802316792
-746.9527982869055
-1354.6664150642355
-1124.2405742547414
391.8564370278955
-94.14159995945224
-862.3079729780048
-33.59868234954246
-151.3235067171945
-569.9319562262825
-1111.5182837754398
-1539.4920680684897
-314.2306992271086
-199.06807504834262
-717.3947578098648
-186.9202987302999
0.2533434661463059
-610.7749858411809
-997.8176559769096
-1365.80773685072
62.35841857075062
1016.4615579991009
949.8065223217886
0.8011628106628803
-68.19548830171237
-953.7280257700331
-1278.2122551278806
-282.97109428316355
394.3351549778003
676.2829159388988
494.29198470522095
-1.0632206749540094
-85.03561122104223
-517.9164588095771
212.70395663665596
1386.3203454865313
632.2826086515678
412.348888800215
-3.204712403347625
0.07454826882963617
-57.53765114156628
612.3964833784958
1388.619334617579
1324.7068827256996
389.557595483157
580.8535456065875
-122.76158271577663
-1.4449593329531247
-1.2347401049543039
506.3021723124621
933.135228008962
269.1693406832271
354.0256817463302
877.7489731858551
42.15649971347235
-0.16928974870228652
-1.8886262566292515
-472.37420302332123
-355.1899686313972
-440.01828759349416
822.1587605557489
947.1530987165512
-147.10799731242696
-140.9242662677333
-106.16093216227527
-646.3471596129436
-1115.6263612386333
-1072.7247808762743
284.2358260482666
44.641683572714186
-826.3035535554949
-107.2934788662354
-103.1066008363618
-548.9441355972285
-1041.8458990292766
-1356.8382249962838
-286.5587497030467
-267.4023614083052
-769.8958900142887
-270.17069893540753
-2.2816582591822705
-609.0784327636964
-1037.865117141762
-1586.5909664114417
23.633310752718593
1227.6168156058557
1147.5873340207233
-0.2197052637085375
-67.19619366675336
-1015.0492484811565
-1595.5121470779472
-350.14639417255694
450.605234748251
605.5937168408545
582.94558205117
-1.5553978169340177
-87.78516241196994
-649.7055243934215
-92.3283684534299
1738.4175528232447
1064.5197201752483
200.22483784343342
-204.8702244316636
0.5656917755200876
-59.21770293910367
445.8310543990768
1287.1921864818182
1792.5053227039737
855.526380042544
423.90567404835633
-485.71807954676393
-0.6749872639812569
-1.0289780488756837
240.2867085211356
793.15339472119
641.0927958678762
816.7799394992159
729.4597288298834
-340.1993590893834
-1.4704529817892216
-0.02694528169931565
-741.9562919206699
-663.0296958521521
-214.82259297053523
1249.0484527087842
757.8138790282392
-470.0022672005098
-157.3512760938121
-146.80392289116972
-749.3198406358081
-1409.4506536509268
-1105.5785114576845
421.8049623931437
-170.41663009164043
-838.7251164480779
2.2416641006874403
-145.46026607135207
-548.1502399345885
-1102.3867564724335
-1559.5093494551693
-306.07803931918403
-161.49040984345365
-669.8285509700619
-147.31946926144232
-2.602090786558456
-614.8244663177181
-1039.7767178954862
-1546.0003707739777
26.435759607973257
1182.632119891218
1113.582858390513
-0.702196962567162
-68.59449132950789
-1015.8362971647531
-1533.8258009608478
-335.72026850225427
430.5692579299782
635.5112528067514
569.1827986542535
-0.6626404411888811
-85.14527108997311
-624.1923307595821
-2.628722143353263
1668.952246908856
955.0085712167971
264.1140276236455
-151.81829217368832
-1.5142219741929344
-60.35899627760485
503.51884782711227
1337.1952999218304
1698.874122751476
732.258235308154
473.7757783158748
-384.47785749227006
-0.19814122489528296
-0.6268811742882001
323.6498240410203
844.2316774849255
540.3590488274547
698.3506095969863
789.9816771583128
-232.0508414156924
-2.485799959507002
1.321248618057857
-686.5872279851644
-592.6982092553864
-282.9046527762717
1148.5342870321676
832.9868387645579
-382.6635711819929
-154.83256352821624
-137.21306192415008
-741.1984696982464
-1347.6363522553718
-1106.2951292442363
383.8374448584531
-107.43797674403383
-850.6914463436906
-26.253288747757654
-138.3714398059817
-556.9570058350241
-1098.70522407797
-1519.5764514638518
-304.0204374115845
-194.23660841288637
-707.0561421626809
-178.0352541663357
-1.3163037765180614
-608.7706959677461
-993.9569735385169
-1386.7093773336971
39.63227619831867
1031.145232246135
968.3459105239922
-0.8083578227923347
-66.6150194704967
-963.910898846003
-1319.901848219711
-280.85575291689696
382.2573859385071
652.0843771675152
504.36891099436673
-0.01703604843023887
-84.57553582043604
-532.3536378148821
161.70755159838475
1435.326166793003
682.5037047904041
367.5052923034428
-34.634712928878095
0.3753529847630539
-57.2488186064548
581.8872082112833
1358.28244621363
1389.9192044077383
455.6112233796539
543.9018068520116
-178.59060389065513
-0.9425470390031297
-1.5786980573626437
465.32013229854493
904.3071613026367
324.3175847163509
419.7771887916096
843.0772230549152
-15.25654837499975
-0.5495154048674943
-0.8143341793544294
-502.88088655928334
-398.5680585479427
-413.0943306485718
878.2065672069184
910.8991133990564
-196.07203219301553
-145.81177555682888
-111.53919175632025
-652.8365067536705
-1146.9713535663495
-1067.3849979660113
301.54605932161763
13.723932305795929
-824.7480849514483
-79.44345510768474
-112.55591184985133
-543.90330658591
-1038.3313646293363
-1365.1690824576904
-278.81307982260574
-239.77393666033745
-738.7485347929833
-218.15564764244496
-0.9666658209218866
-725.8590807266974
-1075.4401518371935
-1229.9991491479088
154.3733171800891
896.3363281838112
836.7343269711332
-0.2159658092547393
-77.69615413934534
-1043.3829511090112
-1029.4045343198864
-247.2587103826173
326.26700583736863
892.4746780057154
465.8850253926418
-0.16240883452357235
-99.11842391539199
-408.5736785885701
583.0124959524044
1102.5656047970838
159.49601012898867
712.9045641066913
331.06749970805976
-1.9251958380976903
-69.20449088396161
953.2465535167651
1695.4702287065938
914.0160989097317
-146.32754142681168
804.2692076359227
392.5567012049683
-2.2969500587125538
-2.21479066167334
967.994212697543
1250.5997082715382
-189.15862901130373
-180.96015648700833
1139.2659241716294
585.7843244956799
0.014956991730038949
-0.42663420737687974
-104.92698561489964
9.87582828515878
-863.7040246317881
370.2701761654327
1312.1282982511075
281.18373703872084
-170.4230038066515
-121.88939950410862
-603.0481699640206
-847.0730875068739
-1241.1209024949164
102.76381772048165
292.9786062192004
-964.7471313482346
-267.5735054949597
-121.96131479099357
-653.0625972278477
-1113.166863685362
-1199.2878682974558
-289.8203708442981
-532.0989710590873
-1040.309650451273
-431.61876234756863
-2.662572899412181
-602.5668921838907
-1022.7787931569335
-1554.9200554527222
29.53799860032089
1216.2892382399293
1143.8900930973107
-2.2202388276832297
-66.08659755175833
-995.4276285401356
-1555.197630088847
-347.43001776698395
443.6594599113382
617.6932256548113
596.3556358161048
-0.8971125981911608
-83.8683802614351
-646.6179540226767
-68.42960216063679
1690.9516384489866
1032.2652767064362
224.74811910306695
-178.5553457313047
-0.48064200246336775
-59.995407481639134
446.049999276754
1275.2395840118377
1741.4132424214629
820.9613445630962
443.0615595080307
-459.3893460101347
-0.8183437507351845
-1.0035871647600962
247.38730345947144
787.3775474655406
612.2974633231329
786.8763621374333
738.8481446622842
-321.9974179384291
-0.42812752559203426
-1.7332841682979945
-720.7376665482557
-640.3829508107243
-222.3138156787589
1214.260087920121
755.9058360203319
-447.84209777797577
-147.65399270443757
-136.13429925847691
-725.5214054316679
-1379.698913525553
-1091.6545692518137
414.57540007685566
-150.71133945369235
-825.1542253621172
-4.395976363329632
-135.66794782356388
-541.24097499209
-1080.6340168503998
-1541.9608982861685
-302.13334795033063
-152.26364196228892
-662.1066986465289
-165.7500075304794
-0.7538112341367403
-607.3000876168787
-1036.8355252551366
-1586.4199650319529
22.682162869280827
1228.9884413965299
1156.1945088848347
-2.0464904638884693
-66.22822851251975
-1010.7796782165502
-1593.5263453948448
-345.38105863306197
443.68025212840274
610.3633263165293
597.9775274767295
-0.16961526617144007
-87.98458976328628
-653.1630703482358
-82.6045332356953
1741.1377834906252
1063.8362422743444
207.236690970021
-196.5815497084437
-0.6822007980941508
-60.31292639166955
445.92770408461416
1289.238355111911
1795.7627957610707
854.9552110781605
435.5047081108769
-484.86303303175373
-1.1457330413814
0.3281220475224693
235.97650377343024
794.5050478041233
639.058719766726
820.624551444133
739.9237646711865
-340.67327068060695
-0.023357844529881655
-0.9713966875009427
-745.9050569453907
-664.5493258860996
-214.89937482117014
1247.4532112204479
757.621791315933
-477.1989732736187
-158.37060064453505
-145.33761336065874
-748.5284706222184
-1410.415248621026
-1099.6623741086173
416.8933460562526
-171.3230681801382
-837.5150744909886
3.1085373049764895
-144.2777907282056
-546.0441242903996
-1096.8909333137922
-1560.667085943117
-300.3350504089153
-155.53964560017764
-665.489788574107
-151.1292983000642
-1.2034979342947518
-633.0168732846997
-1030.492855683507
-1416.4473327144437
41.543599069397914
1041.702193447418
981.8038214455407
-1.5823113930624952
-68.40941541991289
-1000.6709403585692
-1352.7370396381132
-275.7753388808519
385.4184406030294
677.3887993114328
502.4944015166417
-0.12653108438931537
-86.35962387908185
-543.9816455881462
203.3161258037527
1478.5283678122667
669.4802876305672
399.41273251739767
-27.181376955088968
0.010352936264273582
-61.53719389019745
620.9617648446488
1434.0364882971328
1422.451247038024
425.89957199587917
576.5293467619763
-149.550479100332
-1.1249633860641386
-2.020775587300799
510.2751215261095
961.0356821752783
308.6580914788235
389.37479134525563
897.5449488347024
20.399744889363898
-1.4334362540118675
-0.5591235112977759
-518.4376023730279
-388.58008217426385
-450.40498038691044
880.0505518202425
978.0528911587913
-174.0135879514702
-149.4269580594154
-113.58618301046629
-680.0351961412078
-1163.6939132918255
-1099.536143054344
304.5593282733302
34.650340511243414
-863.7546961315476
-93.69218339050997
-112.89367694101232
-569.0684765309492
-1080.1408229587441
-1397.306561669984
-288.58242183957105
-271.7217463552451
-780.9414824560349
-238.53770330706269
-7.301356672898502
-102.97627604034902
-159.0084470587748
-160.61234497719764
-173.23371474455953
-26.188183585279326
-130.44935584130755
-121.25173855465685
-179.0651538170765
-141.48232643312838
44.05406027857045
-158.47211925310725
-108.31330901883186
-179.2442761175389
-160.9639805944028
-119.64730993329417
-67.83881519564409
-173.32879615035952
-177.68205637285885
-117.03053850271145
-60.41902783506042
-12.672712565144101
3.7403822753043667
4.957802057628433
13.021516980538191
-52.38348773363586
2.4313565742290892
-2.4963330815093996
12.391990949886283
2.056689310782725
-82.25714977196513
8.04185209659171
-6.888752029890758
13.978060844391186
8.51514656359
-2.3106530045301366
-34.91058173675845
12.383647427124272
8.867640894523587
-7.620052938062001
-101.18556249308192
-84.04096257164086
-80.46958770308434
-86.64523305567896
-79.90493753032335
-103.19450926989545
-86.06647135086574
-87.23260524631166
-81.9648650398627
-84.19587470620087
-84.9970485768453
-87.2594534624639
-82.88339849734953
-80.42125955967755
-83.91224415144065
-85.21050832019543
-101.72977789603453
-79.41381244514017
-79.58901043006762
-86.09141989291557
-46.666379955515666
-43.004510811221316
-34.610162087977784
-37.03532785932355
-34.89499945083966
-47.079722987995716
-39.962037782887386
-44.008847450893434
-34.77221899086708
-37.95190715324942
-35.53545467244681
-38.4994290840792
-40.36167488717416
-38.910004357914
-37.1360769887549
-41.1662955693897
-49.16301889157862
-32.08521634201349
-32.55386935589814
-43.90415022563121
-69.33350176380885
-61.54018360473937
-50.125427538796764
-53.26689452093982
-48.105080648086464
-72.92236325408835
-57.67126945661534
-58.96157853927997
-46.954433620406576
-53.84221491533823
-58.28710655992164
-53.828608597738196
-57.901869430819
-49.59695619265745
-51.838218502839716
-53.555076782156306
-70.86420014015025
-46.568691441145454
-44.97545867973129
-58.76981682644984
-247.71722093596136
-206.8965219877951
-195.6159697906444
-193.59341021964482
-189.65342239536804
-257.73063282834573
-206.84471877360414
-199.1602591529364
-188.27373702666353
-202.45489739097778
-221.94411863602184
-195.3046056442144
-204.76235192506417
-181.57214319799346
-191.03338218297256
-199.98532633648523
-245.6542032707626
-188.88948853621204
-184.90069512171866
-204.79376520122483
-48.57838646735049
-47.934642831979744
-51.93212791596792
-53.820507885866014
-50.48923917080929
-50.83620791326895
-50.82288267368414
-52.55889370187391
-51.188733745239844
-49.01723927668225
-37.154519284088636
-53.0531383144122
-46.07495925851103
-50.75185072526285
-52.20694311038649
-48.58411425560515
-52.89699026040574
-50.34152167469312
-51.82991437164984
-50.011895029065286
-55.725182288344534
-76.47024896545697
-96.67076012782555
-99.13122716384896
-101.1476911279244
-60.2082223278572
-88.9078958942504
-88.82612023995082
-103.80060839775912
-87.16364560852003
-23.410778954558005
-98.25741591050738
-77.12864053205828
-109.32122480237591
-100.69129226811405
-84.46307256729831
-76.79607887816658
-100.26872774439094
-104.72553895406973
-84.31260193651897
-1.8375192168620464
-15.679005504385145
-21.185531499672837
-16.217529416145865
-17.4604451519673
-11.446441661108512
-12.063754738485056
-11.820360665541136
-15.523247996269099
-14.701551457390881
-6.652105740209528
-14.187170991711138
-12.98437454728071
-18.95322324487035
-17.049271009103357
-13.97959016346158
-13.159047722377139
-17.318857080154054
-23.968008783796414
-13.518592758299228
-80.15759348829376
-74.95960631964368
-66.21355758855184
-68.08671774254415
-64.51299193574019
-83.879889000347
-75.43193696202952
-73.31651886287618
-66.81379393690789
-69.3241593381977
-61.27314195799969
-69.56722797846325
-73.90200338747417
-64.70785611286634
-69.07743132663649
-69.09828964102643
-87.85400232928349
-64.8255061417773
-62.01423922022417
-74.43150563932079
-138.1930173955165
-98.25111951744115
-94.79946919877541
-96.13015603912856
-92.30637206550036
-143.110697395459
-98.99120142127137
-97.28188449499912
-91.86233535521895
-95.5803050847152
-135.47780750902163
-95.53823729416594
-98.84092291516575
-93.73668338985574
-94.64257948959506
-98.89738166345631
-124.69415492778838
-89.57938723064686
-95.76191517485726
-99.61471531154203
-147.28189682981272
-96.06165380870969
-80.82794769674166
-82.67573429256424
-75.9105775790259
-145.70614389345556
-92.6554940588351
-93.22275154740953
-71.39619422660776
-88.30884432641723
-141.37320953929705
-83.81309029915757
-96.90911869383703
-70.5791354036723
-78.31966178798221
-93.30460988428385
-131.15184948002047
-75.13314044982461
-72.61672866255553
-98.55437264280859
-30.258259606787846
-34.11471735655673
-34.491082354263575
-34.282951528047775
-34.050194219697154
-31.140284963135883
-35.30056968521815
-36.130762251523805
-33.60585767617077
-32.61670377438745
-20.442087599287287
-36.208054702058156
-34.625741915732505
-35.38938968481774
-36.55530408780329
-34.32787003457367
-35.378258649540186
-35.862653033444815
-33.5651836208905
-33.48279822941204
-55.05769610158208
-28.13398472059254
-14.137713820003965
-13.223520418795445
-4.910471597055913
-50.65600926036571
-23.949951887801635
-25.950442836614943
-7.591213142720562
-15.752672653442863
-55.28712567433717
-13.820998359999548
-27.312881605265062
-7.412236945107636
-13.788909448957796
-23.352466206563044
-43.99117800806532
-4.651829202706346
-5.442340592692921
-27.080326575278104
-33.89206177977031
-23.711098466101163
-13.988340378403835
-16.016636806240765
-12.88031699515766
-29.97462277727627
-21.61720934234877
-23.64386280167605
-14.467247233291964
-16.867987924466075
-29.416777360950935
-17.66353406586973
-20.084706436813885
-16.228563195880472
-18.032666065659626
-21.073742370993813
-27.827495197605643
-11.321163623269666
-11.984906104657437
-21.82770719574459
-128.6461876565041
-127.28270172106299
-130.85513071775122
-135.00319144020318
-133.97092609179813
-136.35037743301024
-134.45674729363398
-131.02301244896137
-140.31919270141714
-129.01243331810767
-95.49723390911157
-136.8742479284891
-125.3938722595861
-134.9905140078985
-135.53585935816102
-129.4548944923376
-141.0717178799759
-131.29160871101206
-132.6204780857626
-128.2325220402492
-6.131828240142543
-93.39245096033662
-142.95594216234227
-140.31567378300426
-154.09338471430186
-27.282563556130285
-110.54630857264657
-101.22376030512962
-151.4808993928747
-124.83984224858155
20.305990508169135
-136.13307549774234
-102.02647483244183
-153.17652115977296
-139.3587856679429
-106.48377959544418
-62.7706899570537
-154.15722501926894
-156.29510672614438
-102.56014945760649
-15.005336891017539
-8.923713650476202
-8.642892779773902
-8.122493818524402
-7.778009223624676
-16.68178887333031
-11.153961076365835
-10.129154738129742
-9.65246979966499
-8.37975138437607
-14.861875260535264
-7.921711159609361
-7.523597369030101
-5.481746052221442
-8.629516018029745
-7.981595018836789
-14.573967115681226
-6.713003193598518
-6.281260563746817
-9.934265115473067
-2.4744374068623807
15.646812629423438
-12.102557281819172
-6.66722514904718
-5.6999860812363945
7.419004165266666
10.054120206538062
9.83897226113393
-6.245962890606058
1.4261229837719789
-31.834292463598544
-1.0883629169654265
18.011089752050275
0.1101347615461214
-5.44635065423051
8.618406024152753
15.605585789312023
-6.01638320135325
-13.716752706215365
4.599835420179611
-150.15237381039879
-78.48551963528048
-37.501397740630324
-40.95716469775274
-26.52742024807828
-146.68207212838047
-64.66393006747766
-68.72851953613518
-30.092684569415834
-53.40579446484312
-149.85147699960194
-43.61394243488751
-70.85071575583191
-25.3289476362465
-39.91446199492735
-63.29463595548657
-120.76475492173802
-26.65496372467906
-23.464712355546794
-73.6810525101655
0.18489411738212871
-2.674476468408134
-1.5004226671306775
-2.098982757273192
-2.101560616621662
-0.7503401796989312
-1.6373817796130115
-1.314636599948387
-0.6148929495467786
-1.6466270983533717
-2.315571796319131
-3.690422990606809
-0.13055317039852918
-2.566154072906247
-2.0428713617740692
-2.20186534888876
1.2214753949964805
-1.141072287487196
0.0032035038991237654
-3.3772198728437224
-5.23763394089139
0.058256164138630225
-1.3555495856817024
-1.8705102532856233
-1.6670282131187415
-1.592237371422608
-1.7880934698242394
-2.9687196523386583
-1.071330598980403
-1.558461404284362
-1.6771338508278362
-2.4412054912967185
-0.530128621750837
-1.153955623498352
-1.463660006976658
-3.0160498253243495
-5.289129424790976
-0.6205076890760846
-0.030146690589378876
0.11685285885018587
-0.2872593882639754
-0.01639044280659742
2.2001639217165647
-0.3332413358461495
0.2977664258740557
7.230276516139146
0.2594343155056796
0.6289240413903229
-0.3411756887294177
0.6249550261999023
3.1114912904489778
2.085792796107372
0.6053755178740282
-0.3811856641949208
-0.553532498060033
2.1432990094999282
0.35522904147188705
-0.28628472753234924
-0.05207938988744219
2.489154871337216
BIAS ::
1536.6077686024166
1333.4038378200885
1375.1888363959815
1402.0770789051633
1368.1318539192405
1622.8277533374005
1395.6650049263026
1340.9856456875775
1393.9350155521327
1359.076871793317
1262.5551381205212
1404.0076416992356
1317.186408676871
1370.0656450248016
1380.7591576498805
1310.38837928562
1590.1859506207966
1352.685361625425
1374.2199587587606
1387.1574781638806
-4.452581017483
-3.2316573232511003
-2.8200624461403487
-2.3923218172555996
-1.472192284755342
-6.959995198049911
-2.3237032663665214
-3.320200229797633
-2.6368595700241357
-2.664402167066502
-4.100349254489858
-4.33410302006109
-0.6377288355352567
-2.208748734781537
-2.1875593931577817
-4.332015636686294
-3.7305197194857525
-1.8364664082380284
-2.4927794282481717
-3.486473416416343
0.8645559091787822
0.9522712835487012
1.3607228986070699
